1305031102.175304 0.000000000 0.000000000 0.000000000 -0.000000000 -0.000000000 -0.000000000 1.000000000
1305031102.211214 -0.001325708 0.008686637 0.011150193 -0.001819759 -0.003158060 -0.001499273 0.999992251
1305031102.243211 -0.002257684 0.007401663 0.024362991 -0.008739903 -0.006304306 -0.001429057 0.999940932
1305031102.275326 -0.003300070 0.008799356 0.036219295 -0.013468157 -0.008868974 -0.001003036 0.999869466
1305031102.311267 -0.001711443 0.006809734 0.049512114 -0.018452624 -0.011597078 -0.000264092 0.999762475
1305031102.343233 -0.003332802 0.007972806 0.060868286 -0.020282937 -0.012872351 0.001601140 0.999710143
1305031102.375329 -0.004418026 0.007621290 0.073157832 -0.022782395 -0.014658204 0.001408408 0.999632001
1305031102.411258 -0.007933933 0.012936313 0.084686793 -0.023458205 -0.016622113 0.000622837 0.999586463
1305031102.443271 -0.004632039 0.020758757 0.095379047 -0.027063213 -0.021728680 0.001203406 0.999396861
1305031102.475318 -0.002577006 0.020203223 0.108491465 -0.034655388 -0.024673792 0.000717812 0.999094427
1305031102.511219 -0.002470899 0.021393081 0.121023268 -0.039286431 -0.023353472 -0.001086166 0.998954475
1305031102.543220 -0.003589780 0.020560646 0.132438794 -0.044155546 -0.021807175 -0.002947466 0.998782337
1305031102.575286 -0.000382689 0.013450226 0.146916971 -0.048380002 -0.021738665 -0.003889897 0.998584867
1305031102.611233 -0.002774285 0.011604233 0.159318358 -0.045965433 -0.018076615 -0.003459921 0.998773515
1305031102.643265 -0.009222542 0.019168913 0.167892337 -0.042435981 -0.015445613 -0.002427670 0.998976886
1305031102.675285 -0.008470611 0.021778084 0.182146534 -0.043980800 -0.017569294 -0.001119781 0.998877287
1305031102.711263 -0.008230180 0.021405654 0.196177393 -0.045295019 -0.018189717 -0.000135474 0.998808086
1305031102.743234 -0.008708360 0.030445592 0.207205459 -0.044070836 -0.018302599 0.001708311 0.998859346
1305031102.775472 -0.005679492 0.029835669 0.220904112 -0.047128625 -0.017343182 -0.000101315 0.998738289
1305031102.811232 -0.008414603 0.033172157 0.233358994 -0.048093550 -0.013308426 -0.001247672 0.998753428
1305031102.843290 -0.005054369 0.035189305 0.244884953 -0.049330827 -0.011407533 -0.002045446 0.998715281
1305031102.875363 -0.009849459 0.038380571 0.257146865 -0.048198998 -0.006808527 -0.004577562 0.998804092
1305031102.911185 -0.009187748 0.041557159 0.269114017 -0.047663767 -0.006003226 -0.005786355 0.998828650
1305031102.943229 -0.018271185 0.044210330 0.280255347 -0.047305401 -0.003038045 -0.007823735 0.998845279
1305031102.975203 -0.023608021 0.047999583 0.291008830 -0.047651760 -0.008528501 -0.007355230 0.998800576
1305031103.011215 -0.021589186 0.051340330 0.301632166 -0.048642844 -0.015751518 -0.004303876 0.998682737
1305031103.043227 -0.023610596 0.054243874 0.312504530 -0.050423663 -0.021243550 -0.002086817 0.998499811
1305031103.075319 -0.019770330 0.054175969 0.322453320 -0.050381415 -0.024926385 0.000650692 0.998418748
1305031103.111240 -0.020973591 0.061577950 0.329528272 -0.047957413 -0.024078542 0.001947214 0.998557210
1305031103.143318 -0.019587239 0.063548729 0.340054452 -0.049828127 -0.024879478 0.003154647 0.998442948
1305031103.175452 -0.020788098 0.069725275 0.347655237 -0.049256030 -0.022991639 0.003702886 0.998514652
1305031103.211220 -0.020483363 0.075463884 0.356904745 -0.053649735 -0.023482919 0.005485067 0.998268664
1305031103.243216 -0.021281429 0.078914858 0.363465369 -0.060301736 -0.023141617 0.008757105 0.997873485
1305031103.275370 -0.026306646 0.079586074 0.369250178 -0.069946758 -0.024604280 0.012274927 0.997171760
1305031103.311210 -0.025787633 0.074930951 0.376345307 -0.078138195 -0.034049429 0.012877154 0.996277690
1305031103.343223 -0.019728839 0.077862889 0.379270554 -0.077951640 -0.040538348 0.012621587 0.996052742
1305031103.375327 -0.018717077 0.074312218 0.378289014 -0.082829967 -0.038753256 0.013847982 0.995713651
1305031103.411260 -0.020201866 0.068981901 0.378173947 -0.085954085 -0.037555505 0.014974662 0.995478451
1305031103.443280 -0.021326615 0.066813752 0.374088675 -0.086127341 -0.039561663 0.015112030 0.995383680
1305031103.475274 -0.020510636 0.063267812 0.369920820 -0.086006366 -0.042608339 0.012828494 0.995300412
1305031103.511333 -0.018257560 0.056817871 0.364026189 -0.084892184 -0.045342155 0.010813963 0.995299220
1305031103.543444 -0.018012470 0.052805461 0.356282532 -0.080509521 -0.046548098 0.008786464 0.995627642
1305031103.575474 -0.019712137 0.050812401 0.345740169 -0.075714752 -0.047107164 0.009091174 0.995974660
1305031103.611223 -0.018839769 0.045844659 0.336442202 -0.073778071 -0.051048603 0.010671591 0.995910108
1305031103.643445 -0.018611142 0.040869445 0.325099260 -0.071281388 -0.054913536 0.011180892 0.995880723
1305031103.675523 -0.016547915 0.037503611 0.314282298 -0.068322636 -0.057679836 0.011244155 0.995931089
1305031103.711610 -0.012845358 0.033047847 0.302080840 -0.066307023 -0.059849404 0.011505770 0.995936334
1305031103.743326 -0.010835608 0.026887124 0.289424866 -0.064081684 -0.059863135 0.010534045 0.996091843
1305031103.775342 -0.012211926 0.025727134 0.273841202 -0.059929673 -0.057986282 0.007159652 0.996491253
1305031103.811242 -0.011534786 0.024911577 0.259546459 -0.059342504 -0.056908589 0.004069865 0.996605992
1305031103.843251 -0.013663100 0.025753319 0.244554237 -0.061350808 -0.056118790 0.001873860 0.996535659
1305031103.875361 -0.014019678 0.012253143 0.237724140 -0.071142212 -0.059503265 -0.001118984 0.995689213
1305031103.911221 -0.012744277 0.005112716 0.223803222 -0.070543550 -0.063321382 -0.002795908 0.995492935
1305031103.943211 -0.008357087 0.003988848 0.205163553 -0.067159228 -0.067358032 -0.003312237 0.995460510
1305031103.975373 -0.004602699 -0.001838965 0.192958668 -0.065716006 -0.070325330 -0.004526267 0.995346904
1305031104.011232 -0.001856675 -0.009419918 0.182805911 -0.062904596 -0.070355393 -0.005469650 0.995521665
1305031104.043249 -0.001090063 -0.009984760 0.167764142 -0.054299153 -0.066212401 -0.007892227 0.996295750
1305031104.075425 0.002629326 -0.012791981 0.151296675 -0.050920989 -0.062083460 -0.010280640 0.996718168
1305031104.111235 0.008561384 -0.018723786 0.137007877 -0.048402391 -0.058127042 -0.011952415 0.997063518
1305031104.143230 0.006080281 -0.022634299 0.122227609 -0.043438468 -0.051198103 -0.013095479 0.997657478
1305031104.175424 0.004615110 -0.024834409 0.106768720 -0.038871538 -0.047087427 -0.014111928 0.998034418
1305031104.211283 0.006506120 -0.029933335 0.093438700 -0.035187691 -0.045264971 -0.014153096 0.998254776
1305031104.243196 0.005689886 -0.031693656 0.080438346 -0.030148031 -0.042189602 -0.014708377 0.998546422
1305031104.275546 0.006057837 -0.031800374 0.068202659 -0.025014544 -0.039347142 -0.015065483 0.998798907
1305031104.311219 0.008569242 -0.034464385 0.055389326 -0.021483745 -0.036778484 -0.015361096 0.998974442
1305031104.343342 0.012215866 -0.033779219 0.043880720 -0.017678905 -0.033599462 -0.015406208 0.999160290
1305031104.375837 0.011747009 -0.035606176 0.034145512 -0.016610293 -0.028525433 -0.015180927 0.999339759
1305031104.411509 0.010469813 -0.036745779 0.023766501 -0.015245625 -0.024387226 -0.014563603 0.999480247
1305031104.443288 0.006332435 -0.036185749 0.013477288 -0.014528448 -0.022074914 -0.013727489 0.999556541
1305031104.475456 0.001670787 -0.038696352 0.002877976 -0.015204100 -0.022372795 -0.013404705 0.999544203
1305031104.511329 0.002592255 -0.042579185 -0.004398569 -0.015152617 -0.025566304 -0.011394176 0.999493361
1305031104.543368 0.002300926 -0.044034015 -0.014104699 -0.011444749 -0.027293265 -0.011736825 0.999493062
1305031104.575343 0.007791650 -0.047695741 -0.022209266 -0.007579340 -0.027791429 -0.010353871 0.999531388
1305031104.611336 0.017995298 -0.057105988 -0.028217696 -0.000112001 -0.025983712 -0.007678439 0.999632895
1305031104.643243 0.017479774 -0.057580564 -0.042679101 0.012435215 -0.017307892 -0.008860612 0.999733627
1305031104.675525 0.019478381 -0.060961656 -0.051315647 0.023284638 -0.009715524 -0.007615285 0.999652684
1305031104.711277 0.018420143 -0.061624423 -0.062981121 0.037621003 -0.001428813 -0.005429350 0.999276340
1305031104.743280 0.023244299 -0.060526058 -0.073684961 0.051056605 0.004601242 -0.003488148 0.998679101
1305031104.775327 0.021804225 -0.054379016 -0.083205119 0.064676844 0.012414303 -0.001176254 0.997828364
1305031104.811465 0.025442399 -0.047674868 -0.090081774 0.076875240 0.018215716 0.001731507 0.996872842
1305031104.843258 0.023008363 -0.041741110 -0.095509574 0.086479388 0.025656413 0.004473909 0.995913208
1305031104.875350 0.019573497 -0.037849087 -0.103490241 0.092158444 0.029503278 0.006132301 0.995288372
1305031104.911534 0.022008391 -0.033643808 -0.103562251 0.094966844 0.029698001 0.008611860 0.995000124
1305031104.943262 0.020889085 -0.031288136 -0.103458166 0.096042611 0.030804690 0.009260866 0.994857371
1305031104.975202 0.019187544 -0.024298934 -0.102215111 0.095985308 0.030316161 0.009767555 0.994873106
1305031105.011290 0.019472510 -0.019667620 -0.093139566 0.091845393 0.029497705 0.010434561 0.995281577
1305031105.043373 0.017827226 -0.016944125 -0.083888017 0.086306952 0.029204290 0.009275614 0.995797336
1305031105.075320 0.021050924 -0.018689457 -0.074848115 0.078501984 0.027308233 0.007670436 0.996510446
1305031105.111299 0.015716083 -0.021887364 -0.064518869 0.071814358 0.027637513 0.005171174 0.997021675
1305031105.143106 0.010594636 -0.011704433 -0.052454360 0.067401677 0.025703833 0.003111243 0.997389972
1305031105.175159 0.009518659 -0.010090070 -0.039789982 0.053638682 0.021933384 -0.000377766 0.998319507
1305031105.211268 0.003468116 -0.015769644 -0.022644717 0.040130142 0.019110601 -0.002383232 0.999008954
1305031105.243270 -0.001051725 -0.012104431 -0.008330328 0.032366727 0.014060440 -0.003675741 0.999370396
1305031105.275288 -0.005657730 -0.008229529 0.003916640 0.022295695 0.008316598 -0.004765951 0.999705553
1305031105.311290 -0.008618053 -0.010613458 0.018202471 0.011334395 0.000975974 -0.005734242 0.999918878
1305031105.343302 -0.013119239 -0.016369184 0.031178981 0.001676725 -0.004378867 -0.007250664 0.999962747
1305031105.375338 -0.011252741 -0.017063811 0.044017859 -0.002076185 -0.010643834 -0.007247546 0.999915004
1305031105.411286 -0.013497945 -0.007769846 0.060243085 -0.005711757 -0.015350959 -0.007593014 0.999837041
1305031105.443316 -0.013805671 -0.012872788 0.075524576 -0.014257858 -0.019740367 -0.008289022 0.999669135
1305031105.475280 -0.014158986 -0.011395643 0.088400811 -0.017573260 -0.023298306 -0.008169875 0.999540746
1305031105.511332 -0.011172860 -0.009229979 0.103166156 -0.022343738 -0.027304957 -0.007581423 0.999348700
1305031105.543282 -0.014016613 -0.010536209 0.117410101 -0.026589802 -0.027027287 -0.007045042 0.999256194
1305031105.575449 -0.015296075 -0.009056668 0.131253138 -0.029531360 -0.028234275 -0.006755734 0.999142230
1305031105.611378 -0.013737055 -0.010425686 0.146658987 -0.032806002 -0.029721603 -0.006064589 0.999001324
1305031105.643273 -0.014956256 -0.008826325 0.161175430 -0.033395946 -0.029894814 -0.003074923 0.998990297
1305031105.675166 -0.013662872 -0.007043507 0.175162181 -0.035468478 -0.031239446 -0.002125802 0.998880208
1305031105.711309 -0.009596569 -0.009839715 0.190625861 -0.035875130 -0.030114276 -0.002661383 0.998898923
1305031105.743312 -0.009137749 -0.002672555 0.203229502 -0.032710638 -0.026155021 -0.002268229 0.999119997
1305031105.775339 -0.005802550 -0.003636429 0.219174370 -0.034183554 -0.022616317 -0.002405975 0.999156773
1305031105.811283 -0.007154538 -0.002341430 0.233192205 -0.032851368 -0.016954355 -0.001545144 0.999315262
1305031105.843271 -0.005650156 0.001294508 0.247587368 -0.030789575 -0.013484667 -0.000913302 0.999434531
1305031105.875337 -0.003528315 0.009810541 0.258180767 -0.028427858 -0.008915065 0.001486060 0.999555051
1305031105.911262 -0.003641896 0.013879665 0.272835195 -0.030856961 -0.004609761 0.005916514 0.999495745
1305031105.943272 -0.004000771 0.018597284 0.285361856 -0.033252560 -0.001025878 0.008579222 0.999409616
1305031105.975329 -0.004289832 0.023265759 0.297801763 -0.037336092 0.001115902 0.010051008 0.999251604
1305031106.011285 -0.003749047 0.028572883 0.310933024 -0.040946744 0.003404181 0.011622913 0.999087930
1305031106.043355 -0.004852221 0.031321935 0.322912544 -0.046008896 0.005769572 0.012947440 0.998840451
1305031106.075330 -0.005805976 0.037081357 0.334825516 -0.048936144 0.006553683 0.014548657 0.998674512
1305031106.111327 -0.007287295 0.044210188 0.345851243 -0.053052329 0.006668096 0.015476967 0.998449564
1305031106.143355 -0.008558802 0.044757437 0.357139200 -0.060889747 0.005293451 0.017792411 0.997971952
1305031106.175534 -0.009858981 0.046031322 0.366988629 -0.065437391 0.003989839 0.018568425 0.997675955
1305031106.211275 -0.010718070 0.045226861 0.376998663 -0.069815516 0.002502998 0.019127367 0.997373462
1305031106.243267 -0.013311912 0.049103409 0.383347303 -0.069183759 0.002059618 0.022641672 0.997344851
1305031106.276385 -0.013185243 0.054734472 0.389328420 -0.069692366 -0.000315157 0.023734532 0.997286141
1305031106.311238 -0.012630533 0.057855513 0.395485431 -0.073512897 -0.002121607 0.027611459 0.996909738
1305031106.343258 -0.013156545 0.064861245 0.398736745 -0.077198349 -0.003435066 0.028680291 0.996597230
1305031106.375388 -0.008210298 0.065088727 0.400742054 -0.087100230 -0.005750234 0.020841941 0.995964944
1305031106.411320 -0.007624695 0.058723111 0.403360963 -0.095284313 -0.000206589 0.014809784 0.995339990
1305031106.443278 -0.014000633 0.053986371 0.400952995 -0.097404651 0.006456806 0.010061738 0.995173097
1305031106.475345 -0.017229801 0.052152999 0.397330672 -0.096985251 0.006788565 0.008768389 0.995224059
1305031106.511129 -0.018783793 0.046455588 0.392125875 -0.096617512 0.003694887 0.008202333 0.995280981
1305031106.543302 -0.016114064 0.043797027 0.383292526 -0.093340583 -0.001640795 0.007863900 0.995601892
1305031106.575282 -0.017523894 0.042267557 0.372453481 -0.089468397 -0.002838277 0.006184848 0.995966434
1305031106.611151 -0.018971520 0.041674901 0.361169100 -0.088437006 -0.005729097 0.003105529 0.996060491
1305031106.643207 -0.017343119 0.033891808 0.349995345 -0.089888953 -0.009290980 0.001394137 0.995907485
1305031106.675279 -0.023333922 0.033189449 0.335652500 -0.086622551 -0.009942957 0.000816516 0.996191263
1305031106.711508 -0.022419678 0.029125996 0.324449480 -0.088606536 -0.016732845 0.000518308 0.995926082
1305031106.743341 -0.023360547 0.025857197 0.308821976 -0.086648591 -0.022846278 0.000924155 0.995976567
1305031106.775390 -0.019807994 0.020542746 0.293560624 -0.086881563 -0.030430207 0.001337690 0.995752871
1305031106.811289 -0.018709943 0.021442188 0.278352588 -0.085479617 -0.034850132 0.000641470 0.995730102
1305031106.843416 -0.015568205 0.010225907 0.264900476 -0.088727169 -0.040305771 -0.000371653 0.995240092
1305031106.875905 -0.013297928 0.006529786 0.247541338 -0.082426757 -0.043036278 -0.004238650 0.995658457
1305031106.911243 -0.014525146 0.007910961 0.227126613 -0.077063859 -0.041475933 -0.008647993 0.996125579
1305031106.943439 -0.013052816 -0.001259812 0.214128479 -0.077407025 -0.041093811 -0.012761360 0.996070564
1305031106.975547 -0.012744641 -0.007744960 0.197316289 -0.071482040 -0.038568877 -0.016074751 0.996566296
1305031107.011576 -0.014970162 -0.002502993 0.174280450 -0.062039051 -0.034485519 -0.020041451 0.997276425
1305031107.043281 -0.013885303 -0.010382369 0.160178185 -0.063769102 -0.032801319 -0.022184040 0.997178793
1305031107.075432 -0.017543428 -0.016419888 0.144083351 -0.059263200 -0.030659346 -0.022882612 0.997509062
1305031107.111229 -0.015823960 -0.016280578 0.127428070 -0.053747121 -0.031964540 -0.023421345 0.997768044
1305031107.143260 -0.012302262 -0.016725626 0.111825638 -0.051834714 -0.031890135 -0.023375502 0.997872651
1305031107.175399 -0.011454107 -0.022876048 0.099338472 -0.049938284 -0.030339003 -0.024808155 0.997983098
1305031107.211358 -0.008632420 -0.028725030 0.086127423 -0.044293452 -0.028608412 -0.026129670 0.998266995
1305031107.243378 -0.005947895 -0.029661484 0.071995407 -0.038127854 -0.026009062 -0.026141994 0.998592257
1305031107.275398 -0.002237217 -0.034042425 0.061072078 -0.033203114 -0.023515930 -0.025837297 0.998837829
1305031107.311226 -0.003997350 -0.038794190 0.047320008 -0.026115244 -0.018654184 -0.027187439 0.999115050
1305031107.343509 -0.000541750 -0.043576669 0.037042789 -0.015301497 -0.015453821 -0.027640982 0.999381363
1305031107.375413 0.004050430 -0.038423490 0.025394950 -0.004897702 -0.011568831 -0.026245685 0.999576628
1305031107.411271 0.005773907 -0.039290711 0.017105959 0.001999179 -0.006693090 -0.027404735 0.999600053
1305031107.443419 0.009447039 -0.037548620 0.010029927 0.007809203 -0.002666265 -0.027337728 0.999592185
1305031107.475377 0.012321066 -0.038641196 0.005959198 0.010586737 0.001574997 -0.026071716 0.999602795
1305031107.511352 0.012278169 -0.031910498 0.002963054 0.013714646 0.005764748 -0.025807275 0.999556243
1305031107.543605 0.016381918 -0.032355811 0.002718963 0.011080200 0.007816216 -0.023761192 0.999625742
1305031107.575454 0.019281391 -0.038384639 0.004855613 0.009375131 0.009368788 -0.020931372 0.999693096
1305031107.611271 0.020894639 -0.028700182 0.005345969 0.012152746 0.010824943 -0.019138770 0.999684393
1305031107.643323 0.022812244 -0.030504102 0.005760919 0.008031162 0.011943344 -0.018313481 0.999728739
1305031107.675568 0.022055805 -0.029301070 0.008476781 0.006974349 0.012753979 -0.017377323 0.999743402
1305031107.711307 0.019611929 -0.025492791 0.011218931 0.006143515 0.013356525 -0.016727194 0.999752045
1305031107.743538 0.017209785 -0.021312727 0.012783730 0.003428923 0.012484614 -0.015952006 0.999789000
1305031107.775802 0.016641000 -0.021837382 0.015566623 0.000293611 0.009846081 -0.017798277 0.999793112
1305031107.811596 0.019187465 -0.018290410 0.016950710 -0.001055250 0.007156480 -0.017219843 0.999825597
1305031107.843332 0.020972421 -0.017083269 0.018008348 -0.003416831 0.006561934 -0.018018058 0.999810338
1305031107.875358 0.024980467 -0.020969531 0.021605657 -0.005021948 0.007253301 -0.022189140 0.999714911
1305031107.911541 0.030495793 -0.021208221 0.023793148 -0.004155960 0.009351491 -0.024107309 0.999657035
1305031107.943122 0.035914198 -0.026480708 0.025425963 -0.004184537 0.012656420 -0.024287382 0.999616206
1305031107.975807 0.042706449 -0.028238680 0.027998501 -0.002162502 0.016715871 -0.024047775 0.999568701
1305031108.011320 0.051650140 -0.025496366 0.030743642 0.002622630 0.021279590 -0.025995305 0.999432147
1305031108.043418 0.065421060 -0.021416210 0.033157311 0.006064423 0.026848778 -0.024572289 0.999319077
1305031108.075352 0.076068416 -0.024757927 0.037493590 0.006336888 0.035885930 -0.018286332 0.999168456
1305031108.111378 0.083333507 -0.027221048 0.041551266 0.008371269 0.042403009 -0.018164011 0.998900414
1305031108.143334 0.094981603 -0.022120848 0.045164127 0.011750082 0.045569710 -0.018237231 0.998725593
1305031108.176058 0.106771573 -0.016375994 0.045748930 0.011211555 0.048797168 -0.014518328 0.998640299
1305031108.211475 0.118647926 -0.019499892 0.050630756 0.005232745 0.050008509 -0.015236260 0.998618901
1305031108.243347 0.135023400 -0.025843665 0.055013936 0.003164299 0.051980004 -0.017354535 0.998492301
1305031108.275358 0.146267191 -0.018339828 0.058432482 0.005318976 0.056418419 -0.017327441 0.998242676
1305031108.311332 0.148991391 -0.013101862 0.065084964 0.002563679 0.059936117 -0.016273657 0.998066306
1305031108.343278 0.163603663 -0.010231690 0.065046154 -0.002678924 0.056819636 -0.012965448 0.998296678
1305031108.375410 0.171605453 -0.008057225 0.069981441 -0.007530619 0.054704778 -0.007952774 0.998442531
1305031108.411361 0.183089599 -0.010250065 0.074510500 -0.013748755 0.051070746 -0.002621376 0.998596966
1305031108.443610 0.197968110 -0.008987546 0.076582104 -0.018032953 0.048724063 0.004005379 0.998641431
1305031108.475471 0.214824706 -0.010507705 0.077934712 -0.020969462 0.046336524 0.011781020 0.998636305
1305031108.511378 0.232632250 -0.016462777 0.082561076 -0.022159997 0.048359282 0.015463869 0.998464465
1305031108.543737 0.246926039 -0.020670746 0.083223790 -0.018981228 0.055100579 0.014135325 0.998200297
1305031108.575414 0.255853504 -0.012660491 0.081002735 -0.013330277 0.060543116 0.012433199 0.997999132
1305031108.611407 0.271805882 -0.010609005 0.085507028 -0.013069252 0.065497853 0.012839368 0.997684538
1305031108.643303 0.281263649 -0.005648411 0.085666306 -0.012097729 0.071581006 0.015049119 0.997247875
1305031108.675375 0.295478225 -0.002993259 0.085271485 -0.014932211 0.076044418 0.018290794 0.996824861
1305031108.711411 0.305112571 -0.002967960 0.089075163 -0.018499183 0.083809085 0.022663841 0.996052325
1305031108.743502 0.310912728 -0.004636066 0.091179080 -0.020493295 0.089698322 0.023934580 0.995470464
1305031108.775493 0.325380832 -0.001997239 0.087938108 -0.020518377 0.090711914 0.027464496 0.995286942
1305031108.811244 0.326921999 -0.004659232 0.090490125 -0.022971880 0.095236875 0.032147545 0.994670212
1305031108.843264 0.326356322 -0.006502849 0.091348112 -0.022295220 0.096625261 0.037780013 0.994353652
1305031108.876515 0.325973511 -0.006855614 0.089181349 -0.020564929 0.094452061 0.043158848 0.994380832
1305031108.911364 0.324196219 -0.012330918 0.092335291 -0.019022152 0.092164859 0.048054852 0.994401634
1305031108.943243 0.320010960 -0.013838312 0.088646181 -0.014404562 0.089220144 0.048608102 0.994720876
1305031108.975268 0.317945302 -0.006004804 0.081473753 -0.008394454 0.082553111 0.047811773 0.995403767
1305031109.011269 0.319544375 -0.006163396 0.080242120 -0.008742644 0.077456079 0.046575733 0.995868921
1305031109.043277 0.310878813 -0.007382907 0.076392308 -0.008170454 0.077229574 0.044176694 0.996000648
1305031109.075410 0.301732272 0.000784263 0.073236063 -0.007622175 0.075023398 0.038536150 0.996407807
1305031109.111282 0.296268672 -0.003836171 0.071614347 -0.012943733 0.072587207 0.035828579 0.996634305
1305031109.143334 0.274104089 -0.011750508 0.073968209 -0.016285373 0.073828734 0.031642862 0.996635795
1305031109.175464 0.262948424 -0.004488095 0.071371727 -0.014432197 0.067102700 0.028507721 0.997234344
1305031109.211379 0.256967187 0.012717591 0.070611484 -0.014234584 0.060091689 0.032514274 0.997561634
1305031109.243290 0.242564708 0.008253761 0.070410818 -0.024290897 0.058265023 0.037404872 0.997304440
1305031109.275308 0.228220418 -0.006960311 0.070550948 -0.030944627 0.055244464 0.041008037 0.997150362
1305031109.311329 0.212289512 -0.001345969 0.070106678 -0.026431682 0.046552464 0.042617720 0.997656286
1305031109.343248 0.199198827 0.005844038 0.068599030 -0.026976356 0.036301814 0.041880060 0.998098493
1305031109.375397 0.187125012 -0.001209083 0.065628596 -0.032230269 0.027484424 0.040702242 0.998273134
1305031109.411329 0.172439665 0.001503975 0.067402519 -0.032103110 0.021157509 0.037225407 0.998567045
1305031109.443302 0.161358878 0.007689585 0.061797582 -0.033699572 0.015050752 0.031744037 0.998814404
1305031109.475363 0.149307474 0.001971481 0.061884519 -0.038403556 0.012663676 0.028278258 0.998781800
1305031109.511273 0.135893390 -0.002447105 0.061648544 -0.039433066 0.010537905 0.024194691 0.998873711
1305031109.543294 0.122288406 -0.000384953 0.057404093 -0.035992965 0.009014850 0.021214176 0.999086261
1305031109.575362 0.108494788 0.002112787 0.053306114 -0.034992211 0.008729900 0.021361317 0.999121189
1305031109.611310 0.093758784 0.001510741 0.051585972 -0.035647999 0.007602581 0.019043168 0.999154091
1305031109.643229 0.083074450 0.004696144 0.049934961 -0.035413750 0.005934578 0.018401537 0.999185741
1305031109.675263 0.066911772 0.008173896 0.050357770 -0.036925808 0.006616962 0.020823209 0.999079168
1305031109.711312 0.053547394 0.010071347 0.048020668 -0.039308559 0.002921032 0.019755211 0.999027610
1305031109.743274 0.040946756 0.010394102 0.049452007 -0.044213325 0.000223312 0.019363493 0.998834491
1305031109.775277 0.029582379 0.008023416 0.050854959 -0.048138704 -0.001739750 0.019899165 0.998640895
1305031109.811371 0.013974335 0.013382248 0.052210897 -0.048671853 -0.002151400 0.018944664 0.998632908
1305031109.843296 -0.000092527 0.013532102 0.052505419 -0.052365884 -0.004532441 0.018397935 0.998448193
1305031109.875306 -0.018982267 0.017103385 0.054459721 -0.054567255 -0.006157601 0.015898120 0.998364568
1305031109.911265 -0.030235155 0.014033989 0.057744138 -0.056892563 -0.013014022 0.010866437 0.998236358
1305031109.943299 -0.043711908 0.024121234 0.060894445 -0.055803325 -0.016016116 0.006998606 0.998288810
1305031109.975258 -0.054340687 0.019322706 0.064395621 -0.062288295 -0.019266138 0.003016524 0.997867703
1305031110.011256 -0.065353647 0.018422021 0.068577409 -0.065452538 -0.022731395 -0.003736658 0.997589767
1305031110.043299 -0.079541646 0.018287027 0.071054779 -0.068126380 -0.023054428 -0.010520494 0.997354865
1305031110.075319 -0.097574778 0.022586204 0.071678229 -0.068756230 -0.021389417 -0.016404618 0.997269273
1305031110.111325 -0.111282013 0.020282026 0.073866665 -0.074487582 -0.023032948 -0.021025389 0.996734202
1305031110.143432 -0.125120237 0.014197047 0.076331079 -0.077716060 -0.026299212 -0.024619307 0.996324539
1305031110.175641 -0.133378714 0.019939382 0.078151770 -0.078295976 -0.030864237 -0.024401342 0.996153533
1305031110.211637 -0.145636752 0.015723076 0.079818130 -0.083612069 -0.033807088 -0.026474023 0.995572865
1305031110.243323 -0.157382950 0.015679112 0.081215218 -0.083451435 -0.037847180 -0.026070425 0.995451570
1305031110.279321 -0.165952086 0.015431905 0.081997924 -0.081639946 -0.042029891 -0.027180633 0.995404303
1305031110.311404 -0.177716300 0.016165065 0.081037030 -0.079034351 -0.045205969 -0.028300023 0.995444238
1305031110.343355 -0.190357774 0.018802511 0.080156103 -0.077520728 -0.049508568 -0.029602002 0.995320678
1305031110.379281 -0.200505689 0.018936332 0.081040233 -0.076789476 -0.055747326 -0.032007169 0.994973004
1305031110.411469 -0.210952252 0.024170265 0.074928477 -0.075318195 -0.062054001 -0.034769520 0.994619310
1305031110.443260 -0.222898737 0.028445937 0.076182209 -0.078538746 -0.067832850 -0.039018303 0.993834972
1305031110.479331 -0.236593202 0.024109043 0.077146582 -0.082856879 -0.074411914 -0.044338226 0.992789924
1305031110.511429 -0.245994762 0.025731258 0.078414455 -0.082800426 -0.082826935 -0.047557533 0.991978884
1305031110.543408 -0.256648958 0.031363741 0.076037765 -0.083259769 -0.088811658 -0.050415505 0.991281331
1305031110.579426 -0.265869170 0.030292982 0.074025035 -0.089036927 -0.095491245 -0.055964477 0.989859521
1305031110.611307 -0.275393933 0.030126769 0.082670651 -0.093070127 -0.099508181 -0.059219889 0.988902986
1305031110.643418 -0.283428073 0.030232256 0.083710372 -0.090946488 -0.101966828 -0.061995983 0.988679945
1305031110.679606 -0.293058902 0.036144488 0.079635374 -0.089785814 -0.103219882 -0.065020099 0.988461733
1305031110.711412 -0.298681110 0.035070021 0.081575848 -0.093431316 -0.105389111 -0.066732936 0.987780631
1305031110.743249 -0.303478122 0.033133131 0.082448259 -0.094374567 -0.107435554 -0.067091741 0.987446129
1305031110.779193 -0.307844669 0.037029356 0.082400635 -0.093189918 -0.108792216 -0.069084361 0.987272620
1305031110.811386 -0.310744464 0.037634306 0.080241635 -0.093665436 -0.108924821 -0.071210094 0.987062037
1305031110.843218 -0.312999696 0.037473585 0.082352668 -0.095356114 -0.111189626 -0.072162971 0.986578286
1305031110.879313 -0.312653422 0.040111076 0.083570927 -0.094234660 -0.113553718 -0.072621308 0.986383080
1305031110.911333 -0.312258601 0.038439330 0.082213707 -0.095802754 -0.114691712 -0.073251627 0.986053705
1305031110.943862 -0.307872087 0.040975187 0.084305994 -0.094636448 -0.117298447 -0.074185453 0.985789835
1305031110.979345 -0.300510585 0.047466330 0.086418211 -0.092726156 -0.116869986 -0.075157583 0.985948563
1305031111.011431 -0.293845892 0.051426899 0.094074428 -0.092557773 -0.112385839 -0.075145133 0.986486554
1305031111.043327 -0.287806273 0.049898110 0.090456001 -0.092021793 -0.106556341 -0.073025972 0.987342358
1305031111.079283 -0.280301124 0.048369855 0.086941525 -0.095116109 -0.103724129 -0.070241541 0.987552762
1305031111.111508 -0.270966113 0.043448098 0.091269128 -0.097750209 -0.102072015 -0.067089558 0.987686813
1305031111.143257 -0.262014508 0.044586163 0.093942970 -0.095309719 -0.099462420 -0.066100538 0.988258123
1305031111.179326 -0.248211160 0.041974906 0.093809396 -0.093827702 -0.096798301 -0.066412970 0.988643408
1305031111.211433 -0.235978499 0.039642800 0.089531258 -0.092794843 -0.088479407 -0.063133806 0.989734650
1305031111.243236 -0.229521811 0.034780852 0.088430189 -0.093480133 -0.084640540 -0.061865158 0.990085959
1305031111.279308 -0.213529930 0.029437860 0.089999191 -0.090683214 -0.084407300 -0.059982318 0.990481794
1305031111.311547 -0.210634470 0.036096327 0.082238622 -0.085150115 -0.076186463 -0.056518812 0.991842091
1305031111.343397 -0.198231012 0.034923594 0.086179629 -0.089432023 -0.081035055 -0.055530496 0.991136551
1305031111.379134 -0.178108722 0.025522450 0.091850013 -0.091180183 -0.086089037 -0.051337197 0.990777194
1305031111.411296 -0.172058314 0.029684924 0.088812433 -0.085092112 -0.085205898 -0.050541192 0.991435826
1305031111.443386 -0.153109878 0.030285250 0.093759947 -0.084748089 -0.092672959 -0.056282867 0.990485668
1305031111.479259 -0.116681449 0.022784384 0.099557318 -0.083913267 -0.094409399 -0.052345656 0.990608573
1305031111.511264 -0.105474390 0.019542998 0.096762218 -0.080692969 -0.083015613 -0.051974215 0.991915166
1305031111.543250 -0.099752501 0.020424016 0.094495632 -0.075721629 -0.072890095 -0.052213311 0.993089676
1305031111.579237 -0.082227752 0.021707164 0.090037562 -0.071611241 -0.064155161 -0.046133105 0.994297564
1305031111.611271 -0.082287170 0.023261283 0.092287645 -0.071732529 -0.055956900 -0.039898269 0.995053470
1305031111.643395 -0.056611050 0.012323136 0.096335955 -0.071592651 -0.060987193 -0.031806640 0.995059550
1305031111.679320 -0.038210608 0.020303849 0.091556929 -0.063666008 -0.053937729 -0.024890332 0.996201694
1305031111.711760 -0.021229522 0.018773645 0.095099725 -0.063990310 -0.047697537 -0.022994300 0.996544778
1305031111.743386 0.001248223 0.018716369 0.103619553 -0.059904203 -0.040662620 -0.019948741 0.997176111
1305031111.779423 0.013872667 0.021263927 0.097160958 -0.055299688 -0.019470764 -0.014900329 0.998168766
1305031111.811406 0.027461683 0.010240612 0.094642073 -0.056428231 -0.005872805 -0.014002081 0.998291254
1305031111.843299 0.033445369 0.015978286 0.095124952 -0.050602812 0.006283314 -0.012958002 0.998615086
1305031111.879442 0.039698038 0.016871590 0.094199628 -0.050803076 0.014902204 -0.010162205 0.998545825
1305031111.911354 0.044728044 0.012779758 0.097383112 -0.050938375 0.016428582 -0.004188591 0.998557925
1305031111.943300 0.064324819 0.014265298 0.097859651 -0.048672881 0.010263966 0.005028172 0.998749435
1305031111.979449 0.081746325 0.017274003 0.097600132 -0.046558507 0.011213776 0.011512546 0.998786271
1305031112.011433 0.103390679 0.009413348 0.097458184 -0.047354508 0.016166206 0.011184802 0.998684704
1305031112.043270 0.119821683 0.009980611 0.096568927 -0.043260206 0.023444463 0.009906285 0.998739660
1305031112.079339 0.135015622 0.009882237 0.094797224 -0.040943608 0.034235358 0.008860332 0.998535454
1305031112.111423 0.134021893 0.011452316 0.095109299 -0.037634071 0.046589363 0.003823779 0.998197675
1305031112.144342 0.154693007 0.009371756 0.091908723 -0.038042676 0.048850026 -0.002537877 0.998078167
1305031112.179390 0.179142967 0.011474876 0.093203887 -0.039620735 0.058051392 -0.005050111 0.997514248
1305031112.211254 0.186451480 0.003483449 0.098924920 -0.041670065 0.069388546 -0.010548028 0.996663213
1305031112.243369 0.199501321 -0.002910005 0.097648285 -0.037382092 0.078757733 -0.015331139 0.996074677
1305031112.279353 0.201409325 -0.004571011 0.100075968 -0.032583255 0.087986566 -0.018378438 0.995418966
1305031112.311312 0.211992100 -0.009591922 0.101618633 -0.027838929 0.089937240 -0.020520359 0.995346785
1305031112.343323 0.225879073 -0.005955383 0.099445462 -0.019316610 0.089080200 -0.018607192 0.995663285
1305031112.379360 0.236444518 -0.005396013 0.098280028 -0.014854167 0.087311268 -0.014634994 0.995962858
1305031112.411442 0.253135413 -0.002027975 0.096445002 -0.010927166 0.083050750 -0.009529884 0.996439815
1305031112.443391 0.265610218 -0.006730784 0.095472045 -0.009937758 0.081543200 -0.003834578 0.996612906
1305031112.479418 0.273196936 -0.002928132 0.097096503 -0.005388038 0.081143878 0.006067964 0.996669352
1305031112.511504 0.281780779 -0.004123047 0.097122140 -0.003524190 0.077613577 0.013341132 0.996888041
1305031112.543212 0.292618990 -0.005204912 0.097667679 -0.001257891 0.074035272 0.017363455 0.997103691
1305031112.579252 0.303503484 -0.002814900 0.095382020 0.001888656 0.069924533 0.023767365 0.997267365
1305031112.611261 0.323639244 0.002749937 0.091796212 0.003383266 0.066121303 0.030135484 0.997350693
1305031112.643246 0.332726985 0.002799419 0.092064485 0.000483859 0.071801908 0.037210535 0.996724486
1305031112.679952 0.335697114 0.002836095 0.094264731 -0.001460732 0.078517616 0.040785078 0.996077061
1305031112.711251 0.339165449 0.005451176 0.093999140 -0.002694888 0.082670130 0.042666622 0.995659649
1305031112.743245 0.342368603 0.015184294 0.093085922 -0.004735470 0.085301630 0.046330824 0.995266140
1305031112.779310 0.338096350 0.008831779 0.097690076 -0.014617128 0.091045201 0.048299018 0.994567454
1305031112.811310 0.320350587 0.000967653 0.102615654 -0.019226622 0.096309543 0.045577858 0.994121432
1305031112.843286 0.318084985 0.011177771 0.103610776 -0.018559996 0.090598375 0.043344997 0.994770706
1305031112.879421 0.319700748 0.010633131 0.103073508 -0.022475820 0.086024508 0.046138264 0.994970322
1305031112.911411 0.310324937 0.008552076 0.102938488 -0.025933655 0.084228724 0.048306324 0.994936943
1305031112.943321 0.300628722 0.005894887 0.105323628 -0.028852982 0.080390155 0.046798490 0.995246172
1305031112.979278 0.296115756 0.006341939 0.103719480 -0.029152447 0.073954850 0.044113901 0.995858848
1305031113.011353 0.290632844 0.010499913 0.101725236 -0.029844681 0.070261233 0.043803517 0.996119440
1305031113.043231 0.278575569 0.007219278 0.103559226 -0.035699062 0.070245847 0.040621255 0.996062756
1305031113.079251 0.267033279 -0.002510132 0.101624116 -0.038433909 0.068467252 0.036943320 0.996228039
1305031113.111316 0.256642073 0.004148332 0.098463215 -0.033657696 0.062714882 0.032542408 0.996932864
1305031113.143306 0.249951258 0.009114271 0.092907861 -0.034608036 0.058328088 0.031108798 0.997212291
1305031113.179343 0.234430015 0.001184839 0.096070528 -0.039702460 0.058383174 0.031613722 0.997003376
1305031113.211259 0.215238094 0.000509108 0.092292301 -0.037589598 0.055227179 0.033804994 0.997193217
1305031113.243227 0.201781422 0.005048827 0.087410472 -0.038143590 0.048049256 0.034252688 0.997528553
1305031113.279312 0.190586582 -0.005146641 0.088310763 -0.043514565 0.042348761 0.036294676 0.997494757
1305031113.311452 0.172766119 -0.009252112 0.088109136 -0.039410811 0.036207799 0.040004529 0.997765243
1305031113.343252 0.153612077 -0.003373402 0.084738791 -0.032149155 0.027296219 0.038183838 0.998380423
1305031113.379312 0.139030561 0.000444110 0.085629642 -0.034262475 0.017619373 0.036255293 0.998599648
1305031113.411625 0.123358399 -0.008006536 0.088100195 -0.035918951 0.010683022 0.036990415 0.998612761
1305031113.443266 0.102717683 -0.002511189 0.084402017 -0.032468576 0.005485469 0.032111295 0.998941779
1305031113.479311 0.082413420 -0.000845153 0.083586380 -0.035195049 -0.000169243 0.025677988 0.999050558
1305031113.511523 0.067080088 -0.001127031 0.087353252 -0.039000873 -0.006466400 0.023225771 0.998948336
1305031113.543242 0.049597591 -0.004994985 0.085170470 -0.041438762 -0.011507024 0.019983657 0.998874962
1305031113.579301 0.034704808 -0.001387217 0.086165778 -0.040212583 -0.016705031 0.015607166 0.998929620
1305031113.611268 0.022897026 -0.001819668 0.086637512 -0.043358717 -0.020833753 0.011173249 0.998779893
1305031113.643222 0.007378561 -0.001017376 0.087484896 -0.045501005 -0.020326078 0.007082299 0.998732448
1305031113.679288 -0.005613246 -0.002162637 0.087498665 -0.046816714 -0.020260537 0.003867774 0.998690546
1305031113.711931 -0.016179714 -0.003143428 0.088696644 -0.047174845 -0.020950532 -0.000923061 0.998666525
1305031113.743590 -0.029336883 -0.001951562 0.089072503 -0.046059355 -0.018414333 -0.006341652 0.998748899
1305031113.779320 -0.046373162 -0.003749861 0.088921830 -0.045489974 -0.014907535 -0.010657649 0.998796761
1305031113.811237 -0.058115292 -0.002543896 0.089025788 -0.044365808 -0.014565270 -0.012060465 0.998836398
1305031113.843295 -0.069378845 -0.000914532 0.089299701 -0.044923946 -0.012993580 -0.015313344 0.998788536
1305031113.879281 -0.091571569 -0.008906988 0.090587951 -0.045604933 -0.009979356 -0.020562030 0.998698115
1305031113.911290 -0.100266345 -0.002206196 0.091424927 -0.040617790 -0.012727661 -0.020395413 0.998885512
1305031113.943291 -0.112947747 -0.002417024 0.091451034 -0.037961297 -0.010573429 -0.023480102 0.998947322
1305031113.979293 -0.129077092 -0.001944751 0.092685774 -0.034410190 -0.008145214 -0.028738216 0.998961329
1305031114.011257 -0.147013336 0.001955402 0.091408066 -0.030069806 -0.006089299 -0.033883486 0.998954833
1305031114.043301 -0.165932074 0.001326523 0.093035772 -0.029204994 -0.007931625 -0.035497565 0.998911500
1305031114.079285 -0.183279574 -0.000465649 0.090523548 -0.027523905 -0.012274025 -0.035643112 0.998910069
1305031114.111263 -0.192343161 0.004993764 0.091181047 -0.023859885 -0.019406615 -0.038113561 0.998800039
1305031114.143284 -0.205005676 0.005463982 0.093307473 -0.023862120 -0.024762910 -0.041358553 0.998552442
1305031114.179337 -0.212179497 -0.000143955 0.094982438 -0.022979915 -0.028719639 -0.043178897 0.998390079
1305031114.211303 -0.228009537 0.010423950 0.095923536 -0.018121207 -0.028374711 -0.046772253 0.998338044
1305031114.243337 -0.246170565 0.007737197 0.094362572 -0.021477561 -0.029671717 -0.050488941 0.998052716
1305031114.279390 -0.256960601 0.007536769 0.091422275 -0.021624938 -0.036605302 -0.050967708 0.997794926
1305031114.311429 -0.266607404 0.010233450 0.093627110 -0.022132197 -0.045739591 -0.050772738 0.997416794
1305031114.343331 -0.272012681 0.009591872 0.096536674 -0.023472266 -0.053329967 -0.052868526 0.996900141
1305031114.379320 -0.282664239 0.008746159 0.099807300 -0.023385601 -0.055288605 -0.056937151 0.996571362
1305031114.411397 -0.295551986 0.009071558 0.101829626 -0.022363154 -0.056549560 -0.062089544 0.996216297
1305031114.443345 -0.310746938 0.009524683 0.099159524 -0.022662023 -0.059816487 -0.063167989 0.995950937
1305031114.479332 -0.321735024 0.006397285 0.099541947 -0.023992138 -0.067158721 -0.063358478 0.995439529
1305031114.511266 -0.328311086 0.010513482 0.102143839 -0.023568418 -0.075836107 -0.065634117 0.994678676
1305031114.543236 -0.330056757 0.010349819 0.107609466 -0.026201252 -0.081685662 -0.065498404 0.994158447
1305031114.579237 -0.337032497 0.009616354 0.109921061 -0.027650656 -0.081666991 -0.062053923 0.994341671
1305031114.611391 -0.342714548 0.011994057 0.110143580 -0.029493410 -0.082288548 -0.060647752 0.994324207
1305031114.644136 -0.351668060 0.009581436 0.110900596 -0.035265606 -0.083913431 -0.059103932 0.994093359
1305031114.679251 -0.356594741 0.006201190 0.111437976 -0.038777091 -0.090251930 -0.059356317 0.993392110
1305031114.711306 -0.356296301 0.006392643 0.117027946 -0.039002720 -0.095761992 -0.058617815 0.992911100
1305031114.743200 -0.358450145 0.004850651 0.118280202 -0.038256101 -0.098546073 -0.062196478 0.992449939
1305031114.779289 -0.355147660 0.007767687 0.118535981 -0.035118651 -0.101340339 -0.065378733 0.992079914
1305031114.811303 -0.355663031 0.010031506 0.114668824 -0.034708835 -0.100519434 -0.066610605 0.992095828
1305031114.843208 -0.353512615 0.009788476 0.115010254 -0.034825105 -0.101609692 -0.069189206 0.991804183
1305031114.879281 -0.349170148 0.013139771 0.114871018 -0.034465376 -0.102379657 -0.068811961 0.991763830
1305031114.912879 -0.345473021 0.015765579 0.115025379 -0.035025492 -0.102818817 -0.069378890 0.991659284
1305031114.943234 -0.338734239 0.022034450 0.114520833 -0.035600983 -0.102766789 -0.072210230 0.991442025
1305031114.979280 -0.332445353 0.024198527 0.114733674 -0.037395056 -0.100400448 -0.073080346 0.991554618
1305031115.011300 -0.324209839 0.028985292 0.114474274 -0.040635698 -0.099500023 -0.074638896 0.991401792
1305031115.043508 -0.312563926 0.027467277 0.122755975 -0.044588134 -0.098280475 -0.074455179 0.991367459
1305031115.079238 -0.302728653 0.029940818 0.122592993 -0.045651667 -0.095357917 -0.074911192 0.991570055
1305031115.111230 -0.287310451 0.032042224 0.131158695 -0.048348356 -0.092483781 -0.073587656 0.991813540
1305031115.143275 -0.274490505 0.029390661 0.132362992 -0.050255638 -0.083809458 -0.071697772 0.992627740
1305031115.179440 -0.266373932 0.027834475 0.129751891 -0.052404985 -0.079636529 -0.070161253 0.992969930
1305031115.211374 -0.244055599 0.018154591 0.135864213 -0.056059849 -0.081227310 -0.065440945 0.992963731
1305031115.243297 -0.233796015 0.019661682 0.138963208 -0.050040342 -0.074214824 -0.062836424 0.994001865
1305031115.279966 -0.217331588 0.023821734 0.138261959 -0.048207950 -0.072760165 -0.058333788 0.994474351
1305031115.311704 -0.192384854 0.016928393 0.148930609 -0.049952108 -0.071797803 -0.052638602 0.994775891
1305031115.343235 -0.172597051 0.018731464 0.146503478 -0.045578297 -0.063927941 -0.047846437 0.995764315
1305031115.379166 -0.173429489 0.028930444 0.147758082 -0.047163840 -0.056000624 -0.043789405 0.996354342
1305031115.411237 -0.154472023 0.022672381 0.153588504 -0.055828080 -0.064310350 -0.040287439 0.995552301
1305031115.443159 -0.131166369 0.022957671 0.156667262 -0.059070509 -0.068396106 -0.034482300 0.995310903
1305031115.479241 -0.115585104 0.024431078 0.160626575 -0.062873155 -0.067987166 -0.029039690 0.995279610
1305031115.511253 -0.081169844 0.019156586 0.163578287 -0.067466713 -0.072107472 -0.024046827 0.994821846
1305031115.543604 -0.057807662 0.014417665 0.163388029 -0.068623960 -0.060391691 -0.017672108 0.995656192
1305031115.579315 -0.045357842 0.013032966 0.160246685 -0.068220638 -0.046125207 -0.012452635 0.996525645
1305031115.611424 -0.030660972 0.013018994 0.161776692 -0.067058086 -0.039323349 -0.007323207 0.996946990
1305031115.643254 -0.014419744 0.015813988 0.166534483 -0.063995145 -0.032801818 0.000106971 0.997411013
1305031115.679241 -0.007559964 0.013056739 0.164831281 -0.063332789 -0.026423745 0.010539097 0.997586906
1305031115.711320 0.016572768 0.016591281 0.165421531 -0.061674315 -0.029266117 0.019592525 0.997474790
1305031115.743250 0.044168931 0.014352107 0.166554764 -0.062441368 -0.026109591 0.026292691 0.997360587
1305031115.779425 0.059062947 0.014599294 0.165712625 -0.060125303 -0.016023137 0.033032991 0.997515500
1305031115.811277 0.080077596 0.013398844 0.161574587 -0.061285295 -0.008474177 0.042012144 0.997199774
1305031115.843224 0.090301551 0.013853174 0.160164073 -0.062833928 0.003928042 0.048071600 0.996857882
1305031115.879198 0.098302945 0.012494193 0.165748075 -0.061872046 0.011795382 0.054955006 0.996500254
1305031115.911118 0.113865264 0.020357052 0.166821033 -0.056868572 0.014832889 0.060694560 0.996424675
1305031115.943311 0.134745583 0.018599648 0.166708067 -0.059515595 0.018796580 0.068172976 0.995719373
1305031115.980740 0.147456452 0.020617092 0.165449604 -0.060477249 0.024818474 0.073370263 0.995159984
1305031116.011379 0.171190843 0.024055004 0.168934733 -0.062539324 0.029714765 0.077146180 0.994612694
1305031116.043164 0.179040283 0.030878672 0.170276985 -0.062417954 0.045253679 0.077505939 0.994006574
1305031116.080030 0.184999436 0.038034454 0.173184752 -0.064827964 0.057409439 0.081851393 0.992875576
1305031116.111300 0.200584307 0.039550573 0.175948545 -0.071668915 0.065620691 0.085431434 0.991594195
1305031116.143441 0.207654953 0.031266376 0.176803708 -0.078697927 0.075852230 0.087439612 0.990155220
1305031116.179572 0.217198104 0.034834184 0.179929852 -0.079823703 0.081373423 0.090197131 0.989379168
1305031116.211299 0.229535699 0.034363538 0.180995092 -0.084778622 0.086275905 0.093946874 0.988201976
1305031116.243320 0.243308917 0.025025180 0.183573261 -0.091630578 0.091526143 0.096293919 0.986891270
1305031116.279385 0.258762419 0.033319216 0.181299478 -0.087837391 0.097957641 0.100093342 0.986240447
1305031116.311336 0.264055699 0.034911536 0.180520847 -0.090044893 0.107708849 0.103772476 0.984643102
1305031116.343292 0.272106498 0.026545614 0.183335379 -0.094113015 0.113552220 0.107882090 0.983163357
1305031116.379384 0.270900071 0.023224272 0.184972152 -0.089765899 0.119711950 0.106387429 0.983002067
1305031116.411333 0.272072583 0.033705734 0.179337472 -0.081460565 0.121728510 0.110932447 0.982975304
1305031116.443369 0.266919285 0.036910515 0.177917361 -0.082363717 0.126760155 0.119073935 0.981310070
1305031116.479850 0.270832986 0.027015015 0.177433506 -0.086717770 0.126300424 0.123097695 0.980497420
1305031116.511205 0.267874986 0.028161028 0.174323902 -0.083804987 0.125259250 0.119614556 0.981315076
1305031116.543262 0.258345276 0.030066965 0.171632916 -0.080135405 0.126991197 0.114964433 0.981954575
1305031116.579313 0.241689533 0.031153278 0.171317592 -0.079874136 0.128754914 0.111687042 0.982124388
1305031116.611261 0.229838878 0.024557564 0.171657041 -0.082073927 0.123929434 0.105079547 0.983292282
1305031116.643355 0.217539713 0.027932912 0.168824106 -0.078667067 0.115700364 0.096563496 0.985444307
1305031116.679281 0.207310811 0.030421274 0.165893242 -0.077183612 0.107077099 0.087654851 0.987367153
1305031116.711634 0.194835827 0.030176623 0.164306104 -0.076943941 0.102016293 0.078507379 0.988690555
1305031116.743291 0.173258096 0.030280177 0.165159658 -0.078949787 0.100508347 0.066490538 0.989567637
1305031116.779298 0.156090602 0.033239782 0.161459535 -0.079412125 0.096423343 0.055867042 0.990593314
1305031116.811318 0.138406366 0.028814057 0.161731526 -0.080983594 0.093381122 0.048493959 0.991145790
1305031116.846089 0.117209442 0.031513896 0.162967801 -0.077858813 0.086037904 0.040341344 0.992425323
1305031116.880165 0.098806687 0.035218153 0.158871174 -0.077728562 0.075752571 0.034540553 0.993492246
1305031116.912044 0.082794979 0.031747006 0.159367204 -0.078959487 0.063383527 0.029686790 0.994417727
1305031116.943296 0.062539682 0.040108614 0.157197773 -0.076617509 0.050960187 0.023244740 0.995486081
1305031116.979351 0.046073020 0.039743815 0.156685621 -0.076215625 0.038299698 0.013450453 0.996264756
1305031117.011382 0.027911887 0.043737542 0.154870778 -0.073253796 0.027082922 0.004643697 0.996934712
1305031117.043261 0.016874360 0.048660755 0.151899531 -0.072420157 0.014945941 0.000019603 0.997262239
1305031117.079520 0.004358791 0.042574465 0.147110984 -0.078274764 0.003878573 -0.005866367 0.996907055
1305031117.111238 -0.021166274 0.046520144 0.145508528 -0.078987047 -0.003189843 -0.008243711 0.996836483
1305031117.143218 -0.026811782 0.046235781 0.140388921 -0.082714483 -0.015365700 -0.007006838 0.996430218
1305031117.179264 -0.032219205 0.047633879 0.140944958 -0.085649855 -0.026050331 -0.012726610 0.995903373
1305031117.211361 -0.033151373 0.051988039 0.146039337 -0.086217657 -0.035387877 -0.014948501 0.995535433
1305031117.243277 -0.031942192 0.056982197 0.147121429 -0.088430576 -0.040029719 -0.016706184 0.995137513
1305031117.279299 -0.032319039 0.052710202 0.148488030 -0.094619103 -0.040395349 -0.021179056 0.994468212
1305031117.311200 -0.038648140 0.050846428 0.150666282 -0.098364659 -0.037019014 -0.022901699 0.994197965
1305031117.343243 -0.042273972 0.046787508 0.150494620 -0.100686513 -0.036656480 -0.024329124 0.993945003
1305031117.379454 -0.043234181 0.040706877 0.151046038 -0.101412013 -0.036831714 -0.024515631 0.993860245
1305031117.411221 -0.044235956 0.034825940 0.152028218 -0.100753069 -0.038621787 -0.023440046 0.993885159
1305031117.443274 -0.043941345 0.032611072 0.150270492 -0.097317725 -0.040227164 -0.021916319 0.994198561
1305031117.479403 -0.045178872 0.025275709 0.149289861 -0.096364118 -0.040828228 -0.020681022 0.994293392
1305031117.511325 -0.046066068 0.017341636 0.149593562 -0.093828887 -0.042220600 -0.019056959 0.994510114
1305031117.544285 -0.048711874 0.013462976 0.149204060 -0.088237181 -0.042288806 -0.018944595 0.995021164
1305031117.579155 -0.048748787 0.010020810 0.150578573 -0.084278971 -0.044204313 -0.020217702 0.995255888
1305031117.611159 -0.049213331 0.002920883 0.152321309 -0.083514623 -0.046077784 -0.019733395 0.995245099
1305031117.643252 -0.050714754 -0.006845468 0.155118734 -0.082874559 -0.047847241 -0.018507186 0.995238721
1305031117.679262 -0.051666133 -0.011110933 0.157052070 -0.081648819 -0.050698109 -0.017816119 0.995211482
1305031117.711184 -0.050524391 -0.022263924 0.160849109 -0.083268017 -0.053733613 -0.015471856 0.994957209
1305031117.743184 -0.050507512 -0.031950418 0.165494487 -0.083774604 -0.056082442 -0.011968522 0.994833350
1305031117.779467 -0.050925501 -0.037878804 0.168647498 -0.082709186 -0.058394462 -0.009997009 0.994811237
1305031117.811320 -0.048540451 -0.053838670 0.173738211 -0.086281672 -0.061235357 -0.007364858 0.994359851
1305031117.843291 -0.045967836 -0.061566535 0.179030538 -0.083230376 -0.061839361 -0.006555542 0.994588256
1305031117.879451 -0.046725817 -0.069648229 0.180988386 -0.081586301 -0.058471963 -0.007041803 0.994924664
1305031117.911407 -0.047471881 -0.082990453 0.188026607 -0.082721479 -0.057053234 -0.006616941 0.994916260
1305031117.943253 -0.049640033 -0.087462261 0.190386102 -0.079574712 -0.053921815 -0.007498275 0.995341182
1305031117.979228 -0.051867977 -0.095326871 0.195025563 -0.080927141 -0.051865317 -0.008275268 0.995335281
1305031118.011228 -0.052427061 -0.109663546 0.202715069 -0.084173031 -0.051831726 -0.008674536 0.995064378
1305031118.043521 -0.052578747 -0.117870219 0.207696408 -0.082671329 -0.050277609 -0.008039674 0.995275378
1305031118.079334 -0.050360564 -0.128207803 0.212340266 -0.083215013 -0.050011083 -0.009369543 0.995231807
1305031118.111217 -0.045745049 -0.140747368 0.219842151 -0.083783664 -0.047609337 -0.010523808 0.995290399
1305031118.143256 -0.050594583 -0.147920370 0.222844243 -0.081574395 -0.041467808 -0.012215657 0.995729327
1305031118.179323 -0.049799491 -0.159762919 0.229372829 -0.081641108 -0.039143499 -0.013843342 0.995796680
1305031118.211202 -0.055583060 -0.171208799 0.231857046 -0.078874357 -0.034948848 -0.013199465 0.996184349
1305031118.243173 -0.056114722 -0.181356564 0.234769955 -0.076363839 -0.035945084 -0.012794362 0.996349752
1305031118.279194 -0.055084739 -0.196240738 0.239984572 -0.074329108 -0.036603667 -0.013555205 0.996469557
1305031118.311299 -0.054557409 -0.201521471 0.241903335 -0.066777378 -0.037313137 -0.013312682 0.996981084
1305031118.343324 -0.051797140 -0.205946088 0.245616555 -0.061498940 -0.037195466 -0.014344376 0.997310698
1305031118.379208 -0.056240182 -0.214183122 0.246662900 -0.057829615 -0.034101479 -0.015352976 0.997625768
1305031118.411296 -0.057263244 -0.216867611 0.248586118 -0.054599244 -0.035992451 -0.015754858 0.997735083
1305031118.445692 -0.053480770 -0.219348803 0.252428204 -0.053811714 -0.037415434 -0.013188186 0.997762799
1305031118.479285 -0.051681176 -0.221818581 0.254511327 -0.053482607 -0.038529512 -0.009926066 0.997775853
1305031118.511255 -0.052394748 -0.218844235 0.254432917 -0.050489273 -0.038252689 -0.009528795 0.997946262
1305031118.544414 -0.051848758 -0.213877991 0.254487067 -0.050942648 -0.037556089 -0.010630205 0.997938573
1305031118.579285 -0.049840160 -0.211445555 0.256654412 -0.052739304 -0.037289936 -0.011382591 0.997846961
1305031118.616142 -0.049784761 -0.203840762 0.255251199 -0.051850993 -0.034846526 -0.013385301 0.997956932
1305031118.645325 -0.049937110 -0.196120858 0.251989096 -0.052500136 -0.032369703 -0.015563414 0.997974813
1305031118.679295 -0.050737683 -0.188835636 0.250500023 -0.055659700 -0.031144083 -0.016806221 0.997822464
1305031118.711421 -0.050413087 -0.187041149 0.250027657 -0.057859328 -0.032024056 -0.019541692 0.997619629
1305031118.746770 -0.055749111 -0.174674526 0.243757501 -0.054115545 -0.032449003 -0.019704798 0.997812808
1305031118.779277 -0.056162357 -0.152453735 0.235708848 -0.052299902 -0.035902601 -0.020423835 0.997776866
1305031118.811221 -0.050836880 -0.155785874 0.238001689 -0.060866326 -0.039945953 -0.020858927 0.997128189
1305031118.846753 -0.048616648 -0.144378304 0.231133774 -0.055812046 -0.039926272 -0.020393657 0.997434258
1305031118.879208 -0.046745729 -0.122167982 0.220832497 -0.051889770 -0.038095206 -0.021779375 0.997688293
1305031118.911177 -0.048083622 -0.117261089 0.218093842 -0.056098111 -0.036545284 -0.024391131 0.997458100
1305031118.946974 -0.046097051 -0.106604099 0.210776746 -0.055643022 -0.035735153 -0.025423435 0.997487128
1305031118.979374 -0.051881164 -0.085523821 0.201123267 -0.052777242 -0.032573108 -0.030274367 0.997615695
1305031119.011363 -0.051149283 -0.076690756 0.196286440 -0.057599477 -0.033648543 -0.032069527 0.997257054
1305031119.047172 -0.055248249 -0.065916814 0.190588757 -0.058973633 -0.032948215 -0.033417143 0.997155905
1305031119.079223 -0.058382899 -0.053809416 0.183985949 -0.058869675 -0.034480460 -0.033286441 0.997114599
1305031119.111328 -0.058079079 -0.044215281 0.177241400 -0.059205782 -0.038210794 -0.032164339 0.996995568
1305031119.147616 -0.060453732 -0.032900631 0.170929596 -0.059554275 -0.040952977 -0.030646456 0.996913731
1305031119.179226 -0.057669476 -0.027949184 0.167168245 -0.061144214 -0.046421897 -0.030844444 0.996571660
1305031119.211364 -0.055519007 -0.015217361 0.160514414 -0.057609137 -0.048842669 -0.029236237 0.996715009
1305031119.247399 -0.056905072 -0.006387022 0.154653996 -0.057558969 -0.049737107 -0.028433420 0.996696949
1305031119.279212 -0.055483602 0.005349847 0.148422763 -0.056570105 -0.051157702 -0.028291438 0.996685684
1305031119.311212 -0.057319194 0.014754185 0.143396765 -0.056790043 -0.050837085 -0.025558218 0.996763408
1305031119.347741 -0.058252037 0.022430731 0.140450835 -0.056263771 -0.052458324 -0.023379099 0.996762753
1305031119.379239 -0.056731466 0.034897964 0.134319574 -0.055159714 -0.055032760 -0.022289677 0.996710539
1305031119.411484 -0.052182812 0.043645978 0.131159544 -0.056181289 -0.056386702 -0.022074686 0.996582627
1305031119.447706 -0.050336238 0.052284360 0.128294587 -0.057102829 -0.054489408 -0.021661900 0.996644855
1305031119.479267 -0.053436708 0.065020323 0.123153761 -0.054779399 -0.051206730 -0.022397740 0.996933043
1305031119.511240 -0.055655431 0.075932398 0.118218385 -0.055911906 -0.049504764 -0.021948451 0.996966124
1305031119.547382 -0.055039108 0.088141195 0.114916071 -0.056758985 -0.049807500 -0.020512968 0.996933699
1305031119.579559 -0.053622667 0.102487721 0.111165084 -0.057766691 -0.049190987 -0.020484587 0.996907055
1305031119.615017 -0.054592714 0.109122247 0.111024171 -0.062782250 -0.047121957 -0.019476999 0.996723950
1305031119.647903 -0.057899725 0.127815843 0.106424727 -0.062375534 -0.045384217 -0.019224027 0.996835053
1305031119.679208 -0.055348989 0.140149057 0.105306268 -0.065973960 -0.043960433 -0.021413013 0.996622562
1305031119.715232 -0.056103393 0.146962896 0.104414076 -0.073137365 -0.039299123 -0.018473661 0.996376097
1305031119.747193 -0.060799632 0.152132466 0.103026457 -0.078469545 -0.036398411 -0.014058917 0.996152639
1305031119.779169 -0.061195295 0.162647128 0.103240311 -0.080827661 -0.038315680 -0.011142012 0.995929122
1305031119.814537 -0.060751699 0.174973860 0.102086954 -0.081535220 -0.039141975 -0.006794473 0.995878398
1305031119.847429 -0.058214229 0.183384225 0.099540345 -0.084368646 -0.039079610 -0.002563368 0.995664716
1305031119.879214 -0.058797058 0.188644752 0.099531040 -0.085513540 -0.037026789 -0.002498233 0.995645702
1305031119.911401 -0.062004168 0.201147854 0.093627073 -0.084376782 -0.033767283 -0.002454703 0.995858610
1305031119.947392 -0.064071096 0.210083127 0.092679575 -0.087792493 -0.031036932 -0.003431987 0.995649278
1305031119.979537 -0.063667171 0.214884579 0.091643929 -0.090559795 -0.027896382 -0.004763734 0.995488882
1305031120.015264 -0.064834975 0.224325329 0.088228278 -0.094566509 -0.024533220 -0.002170824 0.995213866
1305031120.047290 -0.066327289 0.228570953 0.090349145 -0.100349151 -0.023721727 -0.000275413 0.994669437
1305031120.079418 -0.066442363 0.225745603 0.090602517 -0.103821732 -0.026053244 0.001982873 0.994252741
1305031120.115232 -0.067857996 0.233269975 0.089917861 -0.102473080 -0.027834387 0.003951196 0.994338453
1305031120.148157 -0.067494154 0.228922501 0.089598149 -0.105429232 -0.028321914 0.003385845 0.994017661
1305031120.179246 -0.067973807 0.226575434 0.090693131 -0.103870071 -0.027417405 0.005723720 0.994196475
1305031120.215249 -0.066793688 0.219654620 0.091615364 -0.100801691 -0.027899614 0.005238720 0.994501531
1305031120.248003 -0.066631012 0.215700880 0.092135400 -0.096730977 -0.027880765 0.003425363 0.994914114
1305031120.279430 -0.065744951 0.206068605 0.095028736 -0.095198065 -0.027453288 0.000778549 0.995079458
1305031120.315196 -0.064563811 0.193654135 0.098136961 -0.095279329 -0.027828986 -0.000852147 0.995061219
1305031120.347787 -0.062392555 0.186909139 0.098303311 -0.091077439 -0.028132804 -0.001780257 0.995444834
1305031120.379437 -0.062236592 0.172997996 0.100989081 -0.091661900 -0.028238142 -0.002268325 0.995387197
1305031120.415445 -0.060056567 0.155308709 0.107679605 -0.088187888 -0.029789874 -0.002519287 0.995655119
1305031120.447417 -0.060138676 0.152011693 0.110443234 -0.079125203 -0.030387023 -0.002545997 0.996398151
1305031120.479432 -0.059134949 0.135558128 0.115869738 -0.078998618 -0.031558186 -0.002009367 0.996373117
1305031120.514819 -0.061409052 0.125763878 0.121021077 -0.071779974 -0.032530323 0.000392438 0.996889830
1305031120.547736 -0.064642936 0.120785937 0.124362595 -0.063164435 -0.034302700 0.001375688 0.997412562
1305031120.579551 -0.062550947 0.112350225 0.129296899 -0.059936810 -0.039437082 0.005352107 0.997408509
1305031120.615236 -0.060126141 0.100614853 0.134827539 -0.057526674 -0.044601366 0.008120848 0.997314095
1305031120.647354 -0.056829378 0.092695527 0.139097944 -0.052282147 -0.048553832 0.009128156 0.997409582
1305031120.679318 -0.057348553 0.086507186 0.141894519 -0.048765372 -0.049448404 0.009600462 0.997539282
1305031120.714522 -0.055946801 0.076902196 0.147631422 -0.046874475 -0.050758447 0.010104791 0.997559190
1305031120.747369 -0.057048775 0.068046488 0.151908666 -0.045766495 -0.052587818 0.010648600 0.997510254
1305031120.779894 -0.054265626 0.054999504 0.156570405 -0.044781987 -0.055474807 0.010573931 0.997399330
1305031120.814944 -0.054159947 0.048183098 0.158316746 -0.041633699 -0.055640221 0.010474131 0.997527480
1305031120.847921 -0.051841855 0.039275717 0.164309636 -0.042305771 -0.057711639 0.008737464 0.997398257
1305031120.883435 -0.049589530 0.027558934 0.168120325 -0.040509235 -0.057875592 0.007151446 0.997475982
1305031120.915444 -0.051011968 0.021864947 0.168980584 -0.038212974 -0.055860683 0.004507917 0.997696877
1305031120.947488 -0.051432740 0.012734637 0.171464875 -0.038082577 -0.055335239 0.002300156 0.997738659
1305031120.983366 -0.052404206 0.001317591 0.175389394 -0.038318660 -0.055246968 0.000296942 0.997737110
1305031121.015019 -0.052897055 -0.009034710 0.177594766 -0.037043508 -0.055506557 -0.000766006 0.997770667
1305031121.047498 -0.054466497 -0.014500798 0.179528251 -0.035333470 -0.054948922 -0.002023381 0.997861803
1305031121.083099 -0.053840797 -0.029888362 0.184052989 -0.036397863 -0.056914069 -0.002719177 0.997711718
1305031121.114696 -0.054180346 -0.037185971 0.184169933 -0.033171985 -0.058042735 -0.002489971 0.997759759
1305031121.147331 -0.056738880 -0.046552017 0.184883103 -0.031494662 -0.057685710 -0.003615024 0.997831345
1305031121.183271 -0.056355588 -0.057589486 0.188626915 -0.030516423 -0.059416045 -0.003883651 0.997759223
1305031121.211420 -0.051221181 -0.067421183 0.192981899 -0.028181795 -0.060902487 -0.003247282 0.997740507
1305031121.247194 -0.054343663 -0.074390359 0.192904234 -0.025770368 -0.058536261 -0.004139504 0.997944057
1305031121.282876 -0.054069150 -0.086343385 0.197010100 -0.026976952 -0.060319327 -0.002562569 0.997811258
1305031121.313568 -0.054445576 -0.098065823 0.199207395 -0.024571981 -0.060042977 -0.002406683 0.997890413
1305031121.347517 -0.057082675 -0.107651211 0.201082066 -0.023312451 -0.060426790 -0.001033150 0.997899830
1305031121.383226 -0.053577058 -0.119320892 0.206512079 -0.022279628 -0.063110754 -0.000369083 0.997757792
1305031121.414318 -0.054775629 -0.126790062 0.208327308 -0.017182535 -0.061715987 -0.001570281 0.997944653
1305031121.447319 -0.053768899 -0.134212404 0.211383462 -0.015887009 -0.062005717 -0.000886558 0.997948945
1305031121.482964 -0.053034291 -0.149368361 0.215519086 -0.015778108 -0.059908673 0.000460547 0.998079121
1305031121.514107 -0.056725662 -0.153978929 0.214570671 -0.011887616 -0.057153177 0.001296482 0.998293817
1305031121.547270 -0.056692328 -0.159245938 0.217283756 -0.012425610 -0.057190575 0.001561580 0.998284757
1305031121.583204 -0.055691149 -0.172355399 0.221554175 -0.015152094 -0.056090128 0.000839733 0.998310447
1305031121.614700 -0.055072550 -0.181392893 0.225163907 -0.014420685 -0.054574955 0.000036679 0.998405516
1305031121.647183 -0.054506570 -0.187119141 0.225918129 -0.013729081 -0.050232060 -0.002666132 0.998639703
1305031121.683200 -0.060110655 -0.194503218 0.228910476 -0.015865099 -0.045014732 -0.005066004 0.998847544
1305031121.714520 -0.063704640 -0.203586042 0.229178175 -0.016996939 -0.043172855 -0.004242870 0.998914063
1305031121.747145 -0.063444786 -0.208381996 0.231525555 -0.018608326 -0.043293037 -0.003789243 0.998881936
1305031121.782835 -0.060888320 -0.215840861 0.236533746 -0.020755449 -0.043835681 -0.001212313 0.998822391
1305031121.811540 -0.059663065 -0.219281957 0.240078554 -0.021587638 -0.042981111 0.000640883 0.998842418
1305031121.847335 -0.060067534 -0.222266436 0.241526559 -0.023382712 -0.041284911 0.003520622 0.998867571
1305031121.882060 -0.060776051 -0.225879669 0.243397564 -0.026349775 -0.040892478 0.009846832 0.998767555
1305031121.914931 -0.061305840 -0.225436360 0.242906928 -0.027770940 -0.042459927 0.012617311 0.998632431
1305031121.947288 -0.059190460 -0.225664690 0.245700657 -0.027682586 -0.045276046 0.011732040 0.998521984
1305031121.982926 -0.058105800 -0.220878795 0.244126201 -0.027020629 -0.044976536 0.011118096 0.998560667
1305031122.014256 -0.059228938 -0.219125509 0.242701784 -0.028326174 -0.044727542 0.009295201 0.998554349
1305031122.047306 -0.058887776 -0.212972701 0.240350187 -0.026844516 -0.046101682 0.005862318 0.998558819
1305031122.082959 -0.057941526 -0.206584111 0.238256201 -0.026210036 -0.046955749 0.002369794 0.998550236
1305031122.114672 -0.058919456 -0.194881737 0.233972192 -0.023699289 -0.046692085 -0.001187711 0.998627484
1305031122.150725 -0.058527689 -0.185656905 0.231844455 -0.024010621 -0.047145121 -0.006435550 0.998578727
1305031122.183042 -0.057439633 -0.175149247 0.227942958 -0.021894583 -0.046390582 -0.011380257 0.998618603
1305031122.214959 -0.060429208 -0.152970433 0.220794916 -0.021383844 -0.043789677 -0.017293448 0.998662174
1305031122.251319 -0.059061754 -0.146124646 0.218818590 -0.027961930 -0.043750744 -0.019928280 0.998452306
1305031122.283560 -0.059659552 -0.134390101 0.211933345 -0.028485000 -0.044337597 -0.021813376 0.998372197
1305031122.314289 -0.065653950 -0.109219156 0.204848185 -0.029998405 -0.044817396 -0.026784586 0.998185396
1305031122.351327 -0.065037623 -0.104507811 0.200555444 -0.038209226 -0.047211505 -0.029162979 0.997727752
1305031122.382630 -0.069500364 -0.089764766 0.194135711 -0.041647777 -0.048081335 -0.030713199 0.997502029
1305031122.414997 -0.070986882 -0.081776068 0.191954479 -0.046151351 -0.052092422 -0.030365171 0.997113049
1305031122.451257 -0.072030954 -0.071550764 0.184132144 -0.048363768 -0.056357771 -0.029371651 0.996805966
1305031122.483360 -0.070302941 -0.061837703 0.180394426 -0.051590532 -0.062209319 -0.028978657 0.996307492
1305031122.515097 -0.070677213 -0.047924131 0.174693853 -0.051289331 -0.065734483 -0.030945381 0.996037602
1305031122.551490 -0.064477324 -0.039229035 0.170550138 -0.053833619 -0.068775468 -0.031856827 0.995669127
1305031122.583208 -0.064705826 -0.030373173 0.164897770 -0.055657834 -0.067370690 -0.032885533 0.995631456
1305031122.614980 -0.070582978 -0.020693855 0.161389202 -0.056073442 -0.065819435 -0.033086821 0.995705247
1305031122.648788 -0.069360964 -0.011577190 0.155279830 -0.055375181 -0.068154126 -0.031736664 0.995631218
1305031122.683402 -0.070309073 0.000367875 0.149043232 -0.054300182 -0.068924323 -0.029948298 0.995692790
1305031122.715208 -0.071395367 0.011903680 0.145089298 -0.053620022 -0.071522318 -0.027403753 0.995619714
1305031122.751298 -0.070140876 0.028342189 0.141272157 -0.051463407 -0.074508004 -0.027114404 0.995522439
1305031122.783423 -0.065381266 0.040516868 0.137617379 -0.055139013 -0.076626994 -0.026100310 0.995191813
1305031122.812555 -0.065386891 0.048025928 0.136706978 -0.060503494 -0.075679563 -0.027809028 0.994906366
1305031122.851418 -0.059487369 0.057261031 0.134671196 -0.062468458 -0.073735416 -0.029587368 0.994879663
1305031122.883754 -0.061394874 0.069695778 0.132306874 -0.064643726 -0.067045309 -0.028828582 0.995236218
1305031122.914571 -0.067839555 0.073282696 0.129625991 -0.069581702 -0.062144704 -0.028516624 0.995230317
1305031122.951341 -0.068580665 0.078532152 0.127704591 -0.071471669 -0.061119393 -0.027127197 0.995198667
1305031122.982815 -0.072134547 0.092129789 0.124287874 -0.071300022 -0.059999768 -0.023689104 0.995366871
1305031123.015450 -0.070898354 0.097857296 0.122336112 -0.074056983 -0.061634138 -0.021339685 0.995118797
1305031123.051827 -0.070271783 0.104795337 0.119807474 -0.073512375 -0.061199322 -0.019559111 0.995222628
1305031123.082975 -0.069615819 0.117180526 0.116389722 -0.072033726 -0.060698625 -0.016698450 0.995413542
1305031123.113873 -0.067958079 0.126507923 0.113338053 -0.075158171 -0.060380097 -0.014434097 0.995237231
1305031123.150822 -0.069505543 0.134552404 0.112463482 -0.077976532 -0.059063721 -0.014317588 0.995101094
1305031123.182155 -0.066238604 0.148342550 0.110529721 -0.078570113 -0.058428291 -0.014248926 0.995092928
1305031123.214704 -0.067452580 0.160527334 0.109502047 -0.081528187 -0.052872926 -0.015880292 0.995140970
1305031123.250618 -0.068696767 0.176426888 0.106001340 -0.085012138 -0.048267417 -0.016366059 0.995075524
1305031123.282347 -0.067968629 0.180134535 0.108168110 -0.096278496 -0.045557156 -0.014125243 0.994211078
1305031123.311327 -0.066697128 0.189227298 0.107966751 -0.101177670 -0.041847531 -0.014372881 0.993883967
1305031123.350481 -0.063390464 0.197492033 0.108297132 -0.106595188 -0.039065357 -0.012716610 0.993453383
1305031123.382255 -0.064285174 0.205530658 0.105183899 -0.111323483 -0.033181179 -0.010024001 0.993179560
1305031123.411363 -0.066196218 0.215386704 0.104589313 -0.112720795 -0.027428651 -0.008069882 0.993215263
1305031123.451255 -0.063565798 0.221446976 0.103369258 -0.116172634 -0.026272649 -0.005910702 0.992863953
1305031123.483594 -0.062614635 0.231119126 0.103086434 -0.119563729 -0.024580777 -0.001526110 0.992521048
1305031123.511360 -0.062050708 0.236212820 0.102374248 -0.123692743 -0.022910524 0.001274916 0.992055237
1305031123.551513 -0.060609754 0.243022487 0.100492291 -0.125800237 -0.023542466 0.003996091 0.991768181
1305031123.579583 -0.060548775 0.252943844 0.100206979 -0.126255155 -0.022710677 0.006700682 0.991715193
1305031123.611335 -0.057766337 0.257442802 0.097719789 -0.129123405 -0.021890437 0.007386980 0.991359413
1305031123.652411 -0.058253508 0.265381932 0.096725747 -0.132703558 -0.019025674 0.007134393 0.990947485
1305031123.683753 -0.057546053 0.270195693 0.097758017 -0.137509272 -0.015431301 0.008210292 0.990346253
1305031123.711323 -0.057152353 0.279332012 0.096597433 -0.140453577 -0.011661178 0.010033309 0.989967763
1305031123.751723 -0.053299475 0.286183864 0.095686130 -0.141781732 -0.011706968 0.012152025 0.989754140
1305031123.783858 -0.053407986 0.291508406 0.094825238 -0.141916350 -0.011974912 0.013871088 0.989709020
1305031123.811608 -0.052759934 0.293192387 0.093394585 -0.142881826 -0.012293046 0.014783201 0.989553034
1305031123.851444 -0.052031476 0.294435740 0.093297362 -0.143549845 -0.012895277 0.017249608 0.989408731
1305031123.883786 -0.053556439 0.297834009 0.092934109 -0.140598878 -0.013597143 0.018261483 0.989804864
1305031123.911243 -0.053602628 0.294054240 0.092267953 -0.138457522 -0.014665179 0.017211102 0.990110278
1305031123.951442 -0.051685773 0.286698967 0.092855379 -0.141898021 -0.016291145 0.019109819 0.989562750
1305031123.983415 -0.051356882 0.293459445 0.094757535 -0.137188107 -0.019074341 0.021182893 0.990134776
1305031124.011302 -0.051441167 0.289363325 0.095718063 -0.130656019 -0.023033665 0.020416772 0.990949869
1305031124.051505 -0.053314924 0.276015550 0.097708657 -0.130916134 -0.025253424 0.021198431 0.990845084
1305031124.083837 -0.051853675 0.277471930 0.100053757 -0.126076967 -0.028864345 0.021720065 0.991362572
1305031124.111331 -0.056467909 0.268392861 0.104860537 -0.119333960 -0.029564474 0.020280549 0.992206693
1305031124.147446 -0.057113547 0.251947850 0.108528815 -0.120105945 -0.030508667 0.017843600 0.992131770
1305031124.182694 -0.057186186 0.248058587 0.112216055 -0.116625875 -0.031782307 0.016227392 0.992534697
1305031124.211396 -0.056329515 0.241159350 0.115039319 -0.108177640 -0.033262968 0.013670046 0.993480980
1305031124.249327 -0.051815331 0.228647947 0.115864113 -0.105749942 -0.037154157 0.014371289 0.993594527
1305031124.282545 -0.052723262 0.220628753 0.117704451 -0.105497062 -0.041152060 0.014394658 0.993463516
1305031124.311361 -0.052401949 0.202175722 0.121114776 -0.105656601 -0.044903487 0.014476742 0.993282855
1305031124.350354 -0.050323676 0.187151581 0.123334788 -0.103779249 -0.049206734 0.013179738 0.993295014
1305031124.382420 -0.050304756 0.177752540 0.125164807 -0.100234680 -0.051063761 0.012705581 0.993571401
1305031124.411439 -0.051507220 0.163416252 0.127521724 -0.096519753 -0.051834926 0.010776172 0.993921995
1305031124.450245 -0.050235175 0.153429553 0.129737109 -0.089273416 -0.053693712 0.009789543 0.994510710
1305031124.480099 -0.048942879 0.139576674 0.131895050 -0.084377058 -0.055590063 0.007918243 0.994850576
1305031124.511324 -0.050902281 0.131211534 0.132905439 -0.076751567 -0.056459185 0.005631883 0.995434523
1305031124.550437 -0.052328419 0.120634563 0.133806556 -0.072309673 -0.057541687 0.003269680 0.995715618
1305031124.579404 -0.052948900 0.107911050 0.137103379 -0.068938188 -0.060000658 0.000813973 0.995814681
1305031124.611358 -0.051179104 0.096028559 0.141343191 -0.063872226 -0.063278496 -0.000734666 0.995949626
1305031124.651271 -0.052398447 0.087167285 0.143853173 -0.059128776 -0.065111458 -0.002481101 0.996121645
1305031124.679362 -0.050065603 0.071841635 0.148845911 -0.056250427 -0.067901507 -0.004110694 0.996096611
1305031124.711251 -0.049908239 0.063158333 0.151481703 -0.050838895 -0.067870595 -0.006335000 0.996377885
1305031124.749890 -0.052156948 0.048155144 0.155055359 -0.049581394 -0.067323007 -0.008509463 0.996462226
1305031124.779365 -0.052433785 0.037823629 0.158998758 -0.045687206 -0.068390436 -0.008540285 0.996575415
1305031124.811360 -0.052085884 0.026619129 0.163236886 -0.043536559 -0.069572158 -0.009286839 0.996583223
1305031124.850535 -0.051660169 0.012357205 0.169936433 -0.043998037 -0.071269676 -0.009273780 0.996443093
1305031124.879355 -0.047312524 -0.000896863 0.177271456 -0.042090759 -0.072796054 -0.009642142 0.996411681
1305031124.911448 -0.048347671 -0.007251387 0.180744320 -0.039254390 -0.069780625 -0.009924199 0.996740341
1305031124.950730 -0.047371976 -0.019853668 0.187604889 -0.042732690 -0.069060937 -0.009976454 0.996646881
1305031124.979438 -0.048647456 -0.039132155 0.195186123 -0.043394566 -0.067803986 -0.008036969 0.996722102
1305031125.011454 -0.051654726 -0.048460174 0.197463751 -0.038055737 -0.069538288 -0.006931582 0.996829093
1305031125.050763 -0.048123024 -0.051640254 0.203430504 -0.034332864 -0.072906554 -0.005818530 0.996730745
1305031125.079364 -0.049071282 -0.064405568 0.208536431 -0.035962395 -0.071507409 -0.002860355 0.996787488
1305031125.111364 -0.049394596 -0.080196425 0.212677985 -0.036868628 -0.072620869 -0.001609062 0.996676683
1305031125.151013 -0.046513930 -0.088336974 0.217788801 -0.032701071 -0.074154817 -0.003604140 0.996703923
1305031125.179353 -0.050628867 -0.087504834 0.218436539 -0.030134285 -0.069983438 -0.003283233 0.997087538
1305031125.211320 -0.052715618 -0.101621538 0.223743320 -0.034623504 -0.068394132 -0.003275070 0.997052073
1305031125.250632 -0.054418933 -0.116753392 0.227328792 -0.034185041 -0.067794569 -0.005565344 0.997098029
1305031125.279467 -0.056015324 -0.120580144 0.228939787 -0.030338397 -0.067479596 -0.007159159 0.997233629
1305031125.311493 -0.054180652 -0.131552711 0.234112188 -0.030935040 -0.066603422 -0.006292421 0.997280002
1305031125.348880 -0.057377547 -0.139845684 0.234026179 -0.027857324 -0.064392924 -0.009403229 0.997491419
1305031125.379401 -0.053503789 -0.143123075 0.240519404 -0.027013388 -0.064001150 -0.013979689 0.997486174
1305031125.411335 -0.053637993 -0.148649633 0.242337257 -0.027190050 -0.057534754 -0.014416156 0.997869074
1305031125.451195 -0.056185063 -0.155591816 0.245428398 -0.030479530 -0.051625274 -0.016671250 0.998062134
1305031125.479424 -0.055481922 -0.164988145 0.248694032 -0.031086728 -0.047910850 -0.017533198 0.998213828
1305031125.511316 -0.058816858 -0.165768296 0.246884987 -0.029840343 -0.042847391 -0.019118484 0.998452902
1305031125.551020 -0.059965655 -0.166384056 0.249429315 -0.029897224 -0.039414328 -0.020994823 0.998554945
1305031125.579308 -0.058477886 -0.168365210 0.251023322 -0.031384107 -0.036518760 -0.023085311 0.998573244
1305031125.611533 -0.060858991 -0.175158888 0.251047820 -0.031926494 -0.032297865 -0.023572614 0.998690069
1305031125.650575 -0.063118696 -0.180782408 0.246277824 -0.029045871 -0.031589147 -0.020291023 0.998872757
1305031125.679328 -0.068580262 -0.172169566 0.237114877 -0.023311751 -0.033945113 -0.019340165 0.998964667
1305031125.711443 -0.064675979 -0.171864450 0.237623751 -0.022090295 -0.040848851 -0.017612139 0.998765886
1305031125.751260 -0.061575640 -0.159714267 0.234166250 -0.015868777 -0.044115856 -0.016018512 0.998771966
1305031125.779348 -0.061042707 -0.151428103 0.230144575 -0.015612007 -0.045143630 -0.018963471 0.998678565
1305031125.811573 -0.057378635 -0.140671551 0.227258474 -0.014583145 -0.045513690 -0.019519081 0.998666525
1305031125.847412 -0.059606280 -0.134143010 0.223922580 -0.017160097 -0.043253589 -0.021905430 0.998676538
1305031125.879318 -0.060208283 -0.124510601 0.219225824 -0.016811678 -0.043881867 -0.021806279 0.998657227
1305031125.911305 -0.064692318 -0.112538382 0.210078135 -0.019629244 -0.045333382 -0.021519510 0.998547256
1305031125.947343 -0.069032118 -0.107805029 0.207554489 -0.023921968 -0.050865903 -0.019350791 0.998231471
1305031125.979324 -0.063676327 -0.093749762 0.205120280 -0.023500517 -0.060560409 -0.015177141 0.997772455
1305031126.011333 -0.059813503 -0.079495572 0.203883678 -0.024723241 -0.067157522 -0.014780523 0.997326553
1305031126.047324 -0.054721307 -0.062271588 0.201809868 -0.025918305 -0.069887161 -0.014543580 0.997112095
1305031126.079356 -0.053622898 -0.048399333 0.199373320 -0.029584721 -0.068534061 -0.013818788 0.997114301
1305031126.111370 -0.053454123 -0.039099675 0.198999241 -0.034099996 -0.067656159 -0.014403869 0.997021794
1305031126.147432 -0.054977097 -0.019443959 0.194017082 -0.034122556 -0.065384552 -0.012550428 0.997197628
1305031126.179384 -0.056159399 -0.006725558 0.192192569 -0.041164421 -0.065301508 -0.012590614 0.996936679
1305031126.211319 -0.054561518 0.000528345 0.190974399 -0.047015898 -0.065982006 -0.011967539 0.996640742
1305031126.247298 -0.050891947 0.017215583 0.188988268 -0.048896804 -0.066032305 -0.011332747 0.996554315
1305031126.279363 -0.049679711 0.027328357 0.188107967 -0.054081887 -0.064623028 -0.012901074 0.996359706
1305031126.311332 -0.047400191 0.040814798 0.185313240 -0.058222849 -0.062130153 -0.014055710 0.996269286
1305031126.347363 -0.047736280 0.050488021 0.183071449 -0.063301690 -0.058095545 -0.015665986 0.996178865
1305031126.379423 -0.049515560 0.061333489 0.180134758 -0.066897772 -0.054493267 -0.016884524 0.996127605
1305031126.411465 -0.046783142 0.075305127 0.179189220 -0.070402741 -0.054464653 -0.017101973 0.995883882
1305031126.447361 -0.050021388 0.082661584 0.175856471 -0.075386487 -0.051472820 -0.017431965 0.995672464
1305031126.479533 -0.051970240 0.092003725 0.172602668 -0.077995509 -0.050977517 -0.013885370 0.995552778
1305031126.511410 -0.050953425 0.108683333 0.167645767 -0.078868881 -0.053139701 -0.012564547 0.995388448
1305031126.547374 -0.047584128 0.116725825 0.166861564 -0.085460991 -0.054591015 -0.012600374 0.994765103
1305031126.579454 -0.046970837 0.125563070 0.165648341 -0.089694850 -0.052449264 -0.010457516 0.994532347
1305031126.611528 -0.047862075 0.134001449 0.163148582 -0.094827697 -0.049871650 -0.009224745 0.994200945
1305031126.647376 -0.045287181 0.134139970 0.162372082 -0.101833537 -0.048822243 -0.007550367 0.993574083
1305031126.679479 -0.044352122 0.141793743 0.160162151 -0.103011206 -0.046804640 -0.002779999 0.993574560
1305031126.711583 -0.042359356 0.146768779 0.157077983 -0.106655374 -0.045617666 0.000426965 0.993248940
1305031126.747316 -0.041412715 0.149692729 0.156114981 -0.107905060 -0.043928135 0.003262533 0.993184865
1305031126.779379 -0.041033637 0.156761900 0.152687028 -0.106535882 -0.042807307 0.005816701 0.993369997
1305031126.811602 -0.039225399 0.160627171 0.150565028 -0.106727563 -0.040588066 0.005079598 0.993446589
1305031126.847343 -0.037212513 0.163202301 0.148891792 -0.107685417 -0.037662987 0.006443197 0.993450463
1305031126.879357 -0.038652554 0.166706651 0.147138849 -0.107758246 -0.034684230 0.007007182 0.993547201
1305031126.911364 -0.038114499 0.169083282 0.145390376 -0.107277639 -0.032337859 0.006597418 0.993681192
1305031126.947437 -0.036569394 0.169567212 0.143945068 -0.108637959 -0.032087922 0.008933014 0.993523240
1305031126.979337 -0.036864884 0.170501664 0.143715262 -0.108265407 -0.032898195 0.009697396 0.993530214
1305031127.011371 -0.035725534 0.169199437 0.143446207 -0.107274860 -0.034228157 0.010148728 0.993588209
1305031127.047297 -0.035245277 0.168766215 0.142773628 -0.107133083 -0.034741811 0.011337512 0.993572831
1305031127.079299 -0.034806650 0.167747959 0.143495351 -0.107635163 -0.035482049 0.011447765 0.993491173
1305031127.111435 -0.035608266 0.164605960 0.144127876 -0.108331852 -0.037567500 0.012903179 0.993320942
1305031127.147307 -0.037044648 0.160990298 0.144216269 -0.107386425 -0.040480275 0.012502959 0.993314326
1305031127.179349 -0.035737142 0.160981894 0.144899204 -0.104950093 -0.043969385 0.012657198 0.993424416
1305031127.211700 -0.035850231 0.161094412 0.145729572 -0.103113651 -0.045100920 0.012144399 0.993572354
1305031127.247374 -0.035309952 0.155285314 0.148112953 -0.102676034 -0.045470376 0.011379608 0.993609905
1305031127.279465 -0.037243653 0.154730856 0.148139730 -0.099990539 -0.045032796 0.010099840 0.993917525
1305031127.311362 -0.036817633 0.151973411 0.149685681 -0.100360699 -0.046387400 0.009461508 0.993824184
1305031127.347356 -0.037853368 0.144626454 0.151659578 -0.099976964 -0.047560398 0.008814366 0.993813396
1305031127.379262 -0.039734744 0.146090612 0.151808649 -0.095903881 -0.048010081 0.009022017 0.994191170
1305031127.411371 -0.039367743 0.143976197 0.154277146 -0.095792249 -0.049575206 0.008319266 0.994131267
1305031127.447333 -0.038805947 0.137890905 0.157114595 -0.096389368 -0.051301107 0.008044396 0.993988276
1305031127.479362 -0.040418141 0.139300257 0.157189682 -0.093460858 -0.051757310 0.007129743 0.994251251
1305031127.511356 -0.040208422 0.138301805 0.158231005 -0.094403379 -0.053209059 0.006390367 0.994090497
1305031127.547348 -0.039975855 0.134360716 0.162215143 -0.094901495 -0.054404303 0.006002893 0.993980825
1305031127.579345 -0.041282270 0.134164631 0.162384421 -0.092898719 -0.054444645 0.005540222 0.994170547
1305031127.611271 -0.041120436 0.135470688 0.163339689 -0.092642196 -0.055205543 0.005492923 0.994152725
1305031127.647358 -0.040657606 0.131734967 0.164295077 -0.094401263 -0.055549119 0.006962039 0.993958890
1305031127.679298 -0.040501934 0.130148858 0.165775537 -0.093202382 -0.056318391 0.007908022 0.994021654
1305031127.711375 -0.042250279 0.133055583 0.164921477 -0.091217496 -0.056378115 0.007024925 0.994208992
1305031127.747304 -0.040665939 0.128957242 0.166481391 -0.093938030 -0.057504755 0.007421052 0.993888199
1305031127.779346 -0.040755499 0.126998171 0.167734951 -0.093041480 -0.057807129 0.007456758 0.993954778
1305031127.811829 -0.041560568 0.129638106 0.166447595 -0.090328380 -0.057864584 0.006521113 0.994208276
1305031127.847366 -0.043081008 0.128367737 0.165977642 -0.090731405 -0.057277154 0.005170112 0.994213521
1305031127.879380 -0.043701351 0.125932768 0.166664243 -0.091517858 -0.057580970 0.004856755 0.994125485
1305031127.911476 -0.044061575 0.125730738 0.166819453 -0.091250651 -0.058488313 0.005067940 0.994095981
1305031127.947366 -0.045123883 0.128170267 0.167233929 -0.090875693 -0.058998913 0.004837313 0.994101286
1305031127.979371 -0.044538066 0.126603529 0.168949991 -0.092928335 -0.060073007 0.005025154 0.993846238
1305031128.011427 -0.043087915 0.126864895 0.170679927 -0.093914591 -0.060732357 0.004666245 0.993715167
1305031128.047369 -0.041312777 0.123965964 0.173766166 -0.097200677 -0.060533859 0.005778464 0.993405461
1305031128.079334 -0.043160692 0.121421963 0.175416663 -0.097484775 -0.059324071 0.006479161 0.993446231
1305031128.111391 -0.042673267 0.120786622 0.176227525 -0.096988462 -0.059820231 0.007216862 0.993460000
1305031128.147418 -0.043067634 0.120879404 0.177879319 -0.097437158 -0.059676215 0.008859840 0.993411481
1305031128.179350 -0.040691741 0.115063176 0.180227041 -0.098710626 -0.060510296 0.010364017 0.993220747
1305031128.211447 -0.041321661 0.117244229 0.179160088 -0.095637918 -0.060251426 0.010493615 0.993535638
1305031128.247480 -0.041295025 0.116978846 0.178801194 -0.096215293 -0.060781561 0.011169845 0.993440270
1305031128.279336 -0.040206365 0.114716321 0.180664599 -0.096740805 -0.061664395 0.011323237 0.993333101
1305031128.311483 -0.041202527 0.116181314 0.180184245 -0.094774298 -0.061318364 0.010157314 0.993556619
1305031128.347423 -0.041464128 0.115255006 0.180120304 -0.095377669 -0.061369207 0.009645781 0.993500829
1305031128.379404 -0.043150689 0.114382684 0.180525139 -0.095472991 -0.061188124 0.007541387 0.993521035
1305031128.411337 -0.042473182 0.114128083 0.180364043 -0.094657153 -0.061602507 0.006703379 0.993579507
1305031128.447296 -0.042870738 0.114197411 0.180002779 -0.094038188 -0.061621219 0.005320685 0.993645489
1305031128.479296 -0.043790679 0.113750704 0.180179015 -0.094193846 -0.061547194 0.004144794 0.993641019
1305031128.511433 -0.042784549 0.112624936 0.180187538 -0.094011456 -0.061732467 0.003603315 0.993648887
1305031128.547399 -0.042777896 0.110924624 0.180096567 -0.094776727 -0.061267596 0.003067041 0.993606746
1305031128.579455 -0.044065364 0.108137429 0.179756343 -0.094876334 -0.060035098 0.002550113 0.993673921
1305031128.611395 -0.044420253 0.107485101 0.178564921 -0.093809940 -0.060071424 0.003127325 0.993771315
1305031128.647352 -0.046189953 0.108207315 0.177399442 -0.092885025 -0.060496975 0.003046511 0.993832588
1305031128.679282 -0.043529507 0.105297729 0.179329768 -0.093614809 -0.063333809 0.003067954 0.993587315
1305031128.711457 -0.043723144 0.106705226 0.178637445 -0.091503061 -0.063056670 0.001536071 0.993805170
1305031128.747363 -0.043884732 0.107570671 0.178064749 -0.090425320 -0.061844394 0.000937675 0.993980706
