1305031102.175304 0.0000000 0.0000000 0.0000000 -0.0000000 -0.0000000 -0.0000000 1.0000000
1305031103.075319 -0.0197703 0.0541760 0.3224533 -0.0503814 -0.0249264 0.0006507 0.9984187
1305031103.275370 -0.0263066 0.0795861 0.3692502 -0.0699468 -0.0246043 0.0122749 0.9971718
1305031103.511333 -0.0182576 0.0568179 0.3640262 -0.0848922 -0.0453422 0.0108140 0.9952992
1305031104.575343 0.0077917 -0.0476957 -0.0222093 -0.0075793 -0.0277914 -0.0103539 0.9995314
1305031104.643243 0.0174798 -0.0575806 -0.0426791 0.0124352 -0.0173079 -0.0088606 0.9997336
1305031104.775327 0.0218042 -0.0543790 -0.0832051 0.0646768 0.0124143 -0.0011763 0.9978284
1305031105.143106 0.0105946 -0.0117044 -0.0524544 0.0674017 0.0257038 0.0031112 0.9973900
1305031106.243267 -0.0133119 0.0491034 0.3833473 -0.0691838 0.0020596 0.0226417 0.9973449
1305031106.443278 -0.0140006 0.0539864 0.4009530 -0.0974047 0.0064568 0.0100617 0.9951731
1305031107.943122 0.0359142 -0.0264807 0.0254260 -0.0041845 0.0126564 -0.0242874 0.9996162
1305031108.011320 0.0516501 -0.0254964 0.0307436 0.0026226 0.0212796 -0.0259953 0.9994321
1305031108.075352 0.0760684 -0.0247579 0.0374936 0.0063369 0.0358859 -0.0182863 0.9991685
1305031108.176058 0.1067716 -0.0163760 0.0457489 0.0112116 0.0487972 -0.0145183 0.9986403
1305031108.343278 0.1636037 -0.0102317 0.0650461 -0.0026789 0.0568196 -0.0129654 0.9982967
1305031108.475471 0.2148247 -0.0105077 0.0779347 -0.0209695 0.0463365 0.0117810 0.9986363
1305031108.543737 0.2469260 -0.0206707 0.0832238 -0.0189812 0.0551006 0.0141353 0.9982003
1305031108.643303 0.2812636 -0.0056484 0.0856663 -0.0120977 0.0715810 0.0150491 0.9972479
1305031108.775493 0.3253808 -0.0019972 0.0879381 -0.0205184 0.0907119 0.0274645 0.9952869
1305031109.143334 0.2741041 -0.0117505 0.0739682 -0.0162854 0.0738287 0.0316429 0.9966358
1305031109.211379 0.2569672 0.0127176 0.0706115 -0.0142346 0.0600917 0.0325143 0.9975616
1305031110.243323 -0.1573830 0.0156791 0.0812152 -0.0834514 -0.0378472 -0.0260704 0.9954516
1305031110.411469 -0.2109523 0.0241703 0.0749285 -0.0753182 -0.0620540 -0.0347695 0.9946193
1305031110.579426 -0.2658691 0.0302930 0.0740250 -0.0890369 -0.0954912 -0.0559645 0.9898595
1305031110.879313 -0.3126534 0.0401111 0.0835709 -0.0942347 -0.1135537 -0.0726213 0.9863831
1305031111.179326 -0.2482112 0.0419749 0.0938094 -0.0938277 -0.0967983 -0.0664130 0.9886434
1305031111.479259 -0.1166814 0.0227844 0.0995573 -0.0839133 -0.0944094 -0.0523457 0.9906086
1305031111.579237 -0.0822278 0.0217072 0.0900376 -0.0716112 -0.0641552 -0.0461331 0.9942976
1305031111.679320 -0.0382106 0.0203038 0.0915569 -0.0636660 -0.0539377 -0.0248903 0.9962017
1305031111.779423 0.0138727 0.0212639 0.0971610 -0.0552997 -0.0194708 -0.0149003 0.9981688
1305031112.079339 0.1350156 0.0098822 0.0947972 -0.0409436 0.0342354 0.0088603 0.9985355
1305031112.179390 0.1791430 0.0114749 0.0932039 -0.0396207 0.0580514 -0.0050501 0.9975142
1305031112.343323 0.2258791 -0.0059554 0.0994455 -0.0193166 0.0890802 -0.0186072 0.9956633
1305031112.479418 0.2731969 -0.0029281 0.0970965 -0.0053880 0.0811439 0.0060680 0.9966694
1305031112.611261 0.3236392 0.0027499 0.0917962 0.0033833 0.0661213 0.0301355 0.9973507
1305031112.743245 0.3423686 0.0151843 0.0930859 -0.0047355 0.0853016 0.0463308 0.9952661
1305031112.911411 0.3103249 0.0085521 0.1029385 -0.0259337 0.0842287 0.0483063 0.9949369
1305031113.079251 0.2670332 -0.0025101 0.1016241 -0.0384339 0.0684673 0.0369433 0.9962280
1305031113.211259 0.2152381 0.0005091 0.0922923 -0.0375896 0.0552272 0.0338050 0.9971932
1305031113.379312 0.1390306 0.0004441 0.0856296 -0.0342625 0.0176194 0.0362553 0.9985996
1305031114.279390 -0.2569606 0.0075368 0.0914223 -0.0216249 -0.0366053 -0.0509677 0.9977949
1305031114.443345 -0.3107469 0.0095247 0.0991595 -0.0226620 -0.0598165 -0.0631680 0.9959509
1305031114.611391 -0.3427145 0.0119941 0.1101436 -0.0294934 -0.0822885 -0.0606477 0.9943242
1305031114.943234 -0.3387342 0.0220344 0.1145208 -0.0356010 -0.1027668 -0.0722102 0.9914420
1305031115.079238 -0.3027287 0.0299408 0.1225930 -0.0456517 -0.0953579 -0.0749112 0.9915701
1305031115.511253 -0.0811699 0.0191566 0.1635783 -0.0674667 -0.0721075 -0.0240468 0.9948218
1305031115.980740 0.1474565 0.0206171 0.1654496 -0.0604772 0.0248185 0.0733703 0.9951600
1305031116.143441 0.2076550 0.0312664 0.1768037 -0.0786979 0.0758522 0.0874396 0.9901552
1305031116.311336 0.2640557 0.0349115 0.1805208 -0.0900449 0.1077088 0.1037725 0.9846431
1305031116.479850 0.2708330 0.0270150 0.1774335 -0.0867178 0.1263004 0.1230977 0.9804974
1305031116.611261 0.2298389 0.0245576 0.1716570 -0.0820739 0.1239294 0.1050795 0.9832923
1305031116.779298 0.1560906 0.0332398 0.1614595 -0.0794121 0.0964233 0.0558670 0.9905933
1305031116.943296 0.0625397 0.0401086 0.1571978 -0.0766175 0.0509602 0.0232447 0.9954861
1305031117.943253 -0.0496400 -0.0874623 0.1903861 -0.0795747 -0.0539218 -0.0074983 0.9953412
1305031118.111217 -0.0457450 -0.1407473 0.2198422 -0.0837837 -0.0476093 -0.0105238 0.9952904
1305031118.311299 -0.0545574 -0.2015215 0.2419033 -0.0667774 -0.0373131 -0.0133127 0.9969811
1305031119.647903 -0.0578997 0.1278158 0.1064247 -0.0623755 -0.0453842 -0.0192240 0.9968351
1305031119.911401 -0.0620042 0.2011479 0.0936271 -0.0843768 -0.0337673 -0.0024547 0.9958586
1305031120.148157 -0.0674942 0.2289225 0.0895981 -0.1054292 -0.0283219 0.0033858 0.9940177
1305031120.415445 -0.0600566 0.1553087 0.1076796 -0.0881879 -0.0297899 -0.0025193 0.9956551
1305031121.514107 -0.0567257 -0.1539789 0.2145707 -0.0118876 -0.0571532 0.0012965 0.9982938
1305031121.811540 -0.0596631 -0.2192820 0.2400785 -0.0215876 -0.0429811 0.0006409 0.9988424
1305031122.314289 -0.0656539 -0.1092192 0.2048482 -0.0299984 -0.0448174 -0.0267846 0.9981854
1305031123.214704 -0.0674526 0.1605273 0.1095020 -0.0815282 -0.0528729 -0.0158803 0.9951410
1305031123.511360 -0.0620507 0.2362128 0.1023742 -0.1236927 -0.0229105 0.0012749 0.9920552
1305031123.751723 -0.0532995 0.2861839 0.0956861 -0.1417817 -0.0117070 0.0121520 0.9897541
1305031124.111331 -0.0564679 0.2683929 0.1048605 -0.1193340 -0.0295645 0.0202805 0.9922067
1305031126.247298 -0.0508920 0.0172156 0.1889883 -0.0488968 -0.0660323 -0.0113327 0.9965543
1305031127.379262 -0.0397347 0.1460906 0.1518086 -0.0959039 -0.0480101 0.0090220 0.9941912
